#Final resampeld spectrum with mask used for the fit
#
#Milky Way reddening already corrected
#
#Four columns
#1. lambda   2. flux   3. error   4. mask
#
   1136.0000  3.757771e+00  1.545456e-01                     0
   1136.4000  4.138849e+00  1.611316e-01                     0
   1136.8000  3.415856e+00  1.491573e-01                     0
   1137.2000  4.317011e+00  1.665001e-01                     0
   1137.6000  4.128142e+00  1.602085e-01                     0
   1138.0000  4.321320e+00  1.696504e-01                     0
   1138.4000  4.944666e+00  1.638647e-01                     0
   1138.8000  5.343160e+00  1.727445e-01                     0
   1139.2000  5.507165e+00  1.853695e-01                     0
   1139.6000  4.662238e+00  1.737839e-01                     0
   1140.0000  4.838498e+00  1.711632e-01                     0
   1140.4000  4.976748e+00  1.775540e-01                     0
   1140.8000  5.366849e+00  1.803490e-01                     0
   1141.2000  5.531862e+00  1.845023e-01                     0
   1141.6000  5.840059e+00  1.870926e-01                     0
   1142.0000  4.731586e+00  1.766839e-01                     0
   1142.4000  4.392238e+00  1.659821e-01                     0
   1142.8000  4.445433e+00  1.639841e-01                     0
   1143.2000  4.143806e+00  1.572519e-01                     0
   1143.6000  4.177259e+00  1.673545e-01                     0
   1144.0000  3.910509e+00  1.613270e-01                     0
   1144.4000  3.725080e+00  1.604408e-01                     0
   1144.8000  3.310073e+00  1.533927e-01                     0
   1145.2000  3.117795e+00  1.467536e-01                     0
   1145.6000  4.452502e+00  1.703803e-01                     0
   1146.0000  4.349178e+00  1.693000e-01                     0
   1146.4000  4.364043e+00  1.662207e-01                     0
   1146.8000  4.337787e+00  1.603902e-01                     0
   1147.2000  3.513054e+00  1.510760e-01                     0
   1147.6000  3.738538e+00  1.562205e-01                     0
   1148.0000  3.960474e+00  1.601038e-01                     1
   1148.4000  3.706185e+00  1.580401e-01                     1
   1148.8000  3.925482e+00  1.593839e-01                     1
   1149.2000  3.890202e+00  1.576142e-01                     1
   1149.6000  3.898471e+00  1.598068e-01                     1
   1150.0000  3.690320e+00  1.559527e-01                     1
   1150.4000  3.741853e+00  1.555493e-01                     1
   1150.8000  3.581054e+00  1.554597e-01                     1
   1151.2000  4.053970e+00  1.561176e-01                     1
   1151.6000  4.817940e+00  1.640895e-01                     1
   1152.0000  4.750023e+00  1.728542e-01                     1
   1152.4000  5.039925e+00  1.769518e-01                     1
   1152.8000  4.597050e+00  1.675082e-01                     1
   1153.2000  4.419704e+00  1.665176e-01                     1
   1153.6000  4.865282e+00  1.733649e-01                     1
   1154.0000  5.108983e+00  1.742836e-01                     1
   1154.4000  5.174967e+00  1.752719e-01                     1
   1154.8000  5.345711e+00  1.783574e-01                     1
   1155.2000  4.858020e+00  1.626334e-01                     1
   1155.6000  4.476629e+00  1.618733e-01                     1
   1156.0000  5.337206e+00  1.784718e-01                     1
   1156.4000  5.024318e+00  1.729918e-01                     1
   1156.8000  4.632314e+00  1.660284e-01                     1
   1157.2000  5.074227e+00  1.745272e-01                     1
   1157.6000  5.507860e+00  1.793633e-01                     1
   1158.0000  4.429308e+00  1.619554e-01                     1
   1158.4000  4.787492e+00  1.706062e-01                     1
   1158.8000  4.644482e+00  1.678068e-01                     1
   1159.2000  4.149510e+00  1.577126e-01                     1
   1159.6000  3.893005e+00  1.508142e-01                     1
   1160.0000  3.668607e+00  1.441691e-01                     1
   1160.4000  3.992420e+00  1.549100e-01                     1
   1160.8000  3.882886e+00  1.537813e-01                     1
   1161.2000  4.100078e+00  1.580881e-01                     1
   1161.6000  4.178013e+00  1.574346e-01                     1
   1162.0000  4.015765e+00  1.543192e-01                     1
   1162.4000  4.117014e+00  1.574113e-01                     1
   1162.8000  4.745125e+00  1.656901e-01                     1
   1163.2000  4.241035e+00  1.566998e-01                     1
   1163.6000  4.022136e+00  1.492556e-01                     1
   1164.0000  3.817593e+00  1.460614e-01                     1
   1164.4000  4.339981e+00  1.566133e-01                     1
   1164.8000  4.623906e+00  1.636676e-01                     1
   1165.2000  4.183826e+00  1.574882e-01                     1
   1165.6000  4.313790e+00  1.558890e-01                     1
   1166.0000  4.115926e+00  1.546504e-01                     1
   1166.4000  4.769098e+00  1.646646e-01                     1
   1166.8000  4.387114e+00  1.564604e-01                     1
   1167.2000  3.860155e+00  1.492523e-01                     1
   1167.6000  3.959980e+00  1.517783e-01                     1
   1168.0000  4.325213e+00  1.501063e-01                     1
   1168.4000  4.594037e+00  1.494975e-01                     1
   1168.8000  4.247242e+00  1.553601e-01                     1
   1169.2000  4.676573e+00  1.600817e-01                     1
   1169.6000  5.077914e+00  1.642935e-01                     1
   1170.0000  5.256054e+00  1.686082e-01                     1
   1170.4000  4.497110e+00  1.576934e-01                     1
   1170.8000  4.519210e+00  1.548740e-01                     1
   1171.2000  4.332074e+00  1.563815e-01                     1
   1171.6000  4.072604e+00  1.521021e-01                     1
   1172.0000  3.751937e+00  1.375896e-01                     1
   1172.4000  4.078824e+00  1.455031e-01                     1
   1172.8000  3.838316e+00  1.481088e-01                     1
   1173.2000  4.082689e+00  1.490479e-01                     1
   1173.6000  4.023697e+00  1.492613e-01                     1
   1174.0000  3.823618e+00  1.472840e-01                     1
   1174.4000  4.346582e+00  1.535706e-01                     1
   1174.8000  3.869192e+00  1.471219e-01                     1
   1175.2000  3.443655e+00  1.419024e-01                     1
   1175.6000  3.076731e+00  1.346210e-01                     1
   1176.0000  3.140050e+00  1.353772e-01                     1
   1176.4000  3.263644e+00  1.345778e-01                     1
   1176.8000  3.007125e+00  1.286121e-01                     1
   1177.2000  3.240160e+00  1.369430e-01                     1
   1177.6000  3.146654e+00  1.376969e-01                     1
   1178.0000  2.708075e+00  1.304794e-01                     1
   1178.4000  2.354642e+00  1.220899e-01                     1
   1178.8000  2.336408e+00  1.235477e-01                     1
   1179.2000  2.176689e+00  1.204800e-01                     1
   1179.6000  2.202962e+00  1.188269e-01                     1
   1180.0000  1.886908e+00  1.128860e-01                     1
   1180.4000  1.510464e+00  1.004020e-01                     1
   1180.8000  1.418959e+00  9.849298e-02                     1
   1181.2000  1.292324e+00  9.856971e-02                     1
   1181.6000  1.550773e+00  1.050695e-01                     1
   1182.0000  1.770731e+00  1.081731e-01                     1
   1182.4000  2.272701e+00  1.178158e-01                     1
   1182.8000  2.803084e+00  1.286580e-01                     1
   1183.2000  3.703522e+00  1.412664e-01                     0
   1183.6000  4.100399e+00  1.449870e-01                     0
   1184.0000  4.518312e+00  1.524105e-01                     0
   1184.4000  4.299615e+00  1.485195e-01                     0
   1184.8000  4.247079e+00  1.421986e-01                     0
   1185.2000  3.865506e+00  1.354099e-01                     0
   1185.6000  4.318265e+00  1.473564e-01                     0
   1186.0000  4.779037e+00  1.505137e-01                     0
   1186.4000  4.289750e+00  1.448565e-01                     0
   1186.8000  4.417058e+00  1.466329e-01                     0
   1187.2000  4.728711e+00  1.481610e-01                     0
   1187.6000  4.590244e+00  1.467794e-01                     0
   1188.0000  4.351316e+00  1.442979e-01                     0
   1188.4000  4.294540e+00  1.416906e-01                     0
   1188.8000  3.435693e+00  1.254465e-01                     0
   1189.2000  3.477710e+00  1.268927e-01                     0
   1189.6000  3.936763e+00  1.362761e-01                     0
   1190.0000  3.277880e+00  1.256851e-01                     0
   1190.4000  1.750097e+00  1.008183e-01                     0
   1190.8000  2.715934e+00  1.168652e-01                     0
   1191.2000  4.028815e+00  1.345509e-01                     0
   1191.6000  3.491595e+00  1.289998e-01                     0
   1192.0000  3.659476e+00  1.307678e-01                     0
   1192.4000  4.118705e+00  1.342062e-01                     0
   1192.8000  4.104540e+00  1.353000e-01                     0
   1193.2000  2.439597e+00  1.091326e-01                     0
   1193.6000  2.283626e+00  1.014422e-01                     0
   1194.0000  3.719127e+00  1.277957e-01                     0
   1194.4000  3.416822e+00  1.249525e-01                     0
   1194.8000  3.624112e+00  1.262634e-01                     0
   1195.2000  3.074019e+00  1.178376e-01                     0
   1195.6000  3.116105e+00  1.200317e-01                     0
   1196.0000  2.432996e+00  1.081038e-01                     0
   1196.4000  3.071569e+00  1.168562e-01                     0
   1196.8000  3.846926e+00  1.290122e-01                     0
   1197.2000  4.680748e+00  1.326390e-01                     0
   1197.6000  4.209267e+00  1.260857e-01                     0
   1198.0000  3.731529e+00  1.268093e-01                     0
   1198.4000  3.226805e+00  1.197317e-01                     0
   1198.8000  2.666292e+00  1.086954e-01                     0
   1199.2000  3.029062e+00  1.155954e-01                     0
   1199.6000  1.958614e+00  9.867611e-02                     0
   1200.0000  2.225103e+00  1.018771e-01                     0
   1200.4000  1.688322e+00  9.219903e-02                     0
   1200.8000  2.350416e+00  1.040789e-01                     0
   1201.2000  4.238504e+00  1.289200e-01                     0
   1201.6000  4.748466e+00  1.310451e-01                     0
   1202.0000  5.070426e+00  1.326109e-01                     0
   1202.4000  4.636577e+00  1.331263e-01                     0
   1202.8000  4.001546e+00  1.246626e-01                     0
   1203.2000  3.601290e+00  1.211367e-01                     0
   1203.6000  3.681501e+00  1.210012e-01                     0
   1204.0000  3.805240e+00  1.211073e-01                     0
   1204.4000  3.592182e+00  1.204169e-01                     0
   1204.8000  3.377078e+00  1.173267e-01                     0
   1205.2000  3.232179e+00  1.133834e-01                     0
   1205.6000  3.424205e+00  1.135335e-01                     0
   1206.0000  3.223232e+00  1.103137e-01                     0
   1206.4000  1.556294e+00  8.609321e-02                     0
   1206.8000  7.072678e-01  6.601555e-02                     0
   1207.2000  1.446480e+00  8.509739e-02                     0
   1207.6000  1.542952e+00  1.373102e-01                     0
   1208.0000  1.652207e+00  1.075327e-01                     0
   1208.4000  2.488648e+00  1.026300e-01                     0
   1208.8000  2.977109e+00  1.083045e-01                     0
   1209.2000  2.820472e+00  1.050219e-01                     0
   1209.6000  2.907960e+00  1.077518e-01                     0
   1210.0000  3.147636e+00  1.072345e-01                     0
   1210.4000  3.157573e+00  1.036274e-01                     0
   1210.8000  2.786229e+00  1.045233e-01                     0
   1211.2000  2.523620e+00  1.184722e-01                     0
   1211.6000  0.000000e+00  1.000000e+00                     0
   1212.0000  0.000000e+00  1.000000e+00                     0
   1212.4000  1.893170e+00  1.416974e-01                     0
   1212.8000  2.649555e+00  1.199725e-01                     0
   1213.2000  3.470926e+00  1.010685e-01                     0
   1213.6000  4.362983e+00  1.045229e-01                     0
   1214.0000  5.337020e+00  1.067404e-01                     0
   1214.4000  9.232022e+00  1.846404e-01                     0
   1214.8000  1.708214e+03  3.416429e+01                     0
   1215.2000  0.000000e+00  1.000000e+00                     0
   1215.6000  0.000000e+00  1.000000e+00                     0
   1216.0000  0.000000e+00  1.000000e+00                     0
   1216.4000  0.000000e+00  1.000000e+00                     0
   1216.8000  1.851685e+02  3.703371e+00                     0
   1217.2000  5.481166e+00  1.096233e-01                     0
   1217.6000  3.780331e+00  8.443169e-02                     0
   1218.0000  3.206649e+00  8.575527e-02                     0
   1218.4000  4.039797e+00  9.650533e-02                     0
   1218.8000  4.757677e+00  1.244523e-01                     0
   1219.2000  4.452304e+00  1.553055e-01                     0
   1219.6000  6.359915e+00  1.727412e-01                     0
   1220.0000  6.764174e+00  1.654888e-01                     0
   1220.4000  1.042077e+01  2.084154e-01                     0
   1220.8000  3.671999e+01  7.343999e-01                     0
   1221.2000  4.096473e+03  8.192946e+01                     0
   1221.6000  4.943789e+04  9.887577e+02                     0
   1222.0000  7.148947e+04  1.429789e+03                     0
   1222.4000  1.813569e+04  3.627138e+02                     0
   1222.8000  2.239113e+02  4.478227e+00                     0
   1223.2000  2.020764e+01  4.041527e-01                     0
   1223.6000  8.781643e+00  1.756329e-01                     0
   1224.0000  6.845482e+00  1.369096e-01                     0
   1224.4000  6.099947e+00  1.232419e-01                     0
   1224.8000  5.119877e+00  1.214097e-01                     0
   1225.2000  5.331823e+00  1.263876e-01                     0
   1225.6000  5.527164e+00  1.285368e-01                     0
   1226.0000  4.964095e+00  1.258464e-01                     0
   1226.4000  4.924860e+00  1.274617e-01                     0
   1226.8000  4.743460e+00  1.208362e-01                     0
   1227.2000  4.644467e+00  1.191134e-01                     0
   1227.6000  4.563823e+00  1.255435e-01                     0
   1228.0000  4.303626e+00  1.213966e-01                     0
   1228.4000  4.617312e+00  1.253209e-01                     0
   1228.8000  4.574798e+00  1.267536e-01                     0
   1229.2000  4.732582e+00  1.278433e-01                     0
   1229.6000  5.329119e+00  1.339939e-01                     0
   1230.0000  5.412613e+00  1.367891e-01                     0
   1230.4000  5.172620e+00  1.336792e-01                     0
   1230.8000  5.221126e+00  1.255980e-01                     0
   1231.2000  4.967917e+00  1.282504e-01                     1
   1231.6000  4.714475e+00  1.300610e-01                     1
   1232.0000  4.097438e+00  1.203482e-01                     1
   1232.4000  4.291156e+00  1.243197e-01                     1
   1232.8000  4.435274e+00  1.266895e-01                     1
   1233.2000  4.163743e+00  1.219284e-01                     1
   1233.6000  4.031643e+00  1.210728e-01                     1
   1234.0000  4.391909e+00  1.261797e-01                     1
   1234.4000  3.975947e+00  1.199009e-01                     1
   1234.8000  3.885644e+00  1.191866e-01                     1
   1235.2000  3.553696e+00  1.138375e-01                     1
   1235.6000  3.294603e+00  1.070573e-01                     1
   1236.0000  2.762130e+00  1.033804e-01                     1
   1236.4000  2.887750e+00  1.071526e-01                     1
   1236.8000  3.162352e+00  1.102663e-01                     1
   1237.2000  3.796665e+00  1.177153e-01                     1
   1237.6000  4.185001e+00  1.246067e-01                     1
   1238.0000  3.764306e+00  1.192644e-01                     1
   1238.4000  3.609707e+00  1.156441e-01                     1
   1238.8000  3.359131e+00  1.139282e-01                     1
   1239.2000  3.334961e+00  1.099843e-01                     1
   1239.6000  3.174429e+00  1.066922e-01                     1
   1240.0000  3.049189e+00  1.073356e-01                     1
   1240.4000  3.164451e+00  1.111094e-01                     1
   1240.8000  3.164248e+00  1.100779e-01                     1
   1241.2000  2.957771e+00  1.075060e-01                     1
   1241.6000  2.772466e+00  1.057738e-01                     1
   1242.0000  2.903535e+00  1.066012e-01                     1
   1242.4000  2.866569e+00  1.057128e-01                     1
   1242.8000  2.834488e+00  1.071627e-01                     1
   1243.2000  3.089159e+00  1.103215e-01                     1
   1243.6000  3.100940e+00  1.067903e-01                     1
   1244.0000  3.195368e+00  1.069062e-01                     1
   1244.4000  3.074602e+00  1.111416e-01                     1
   1244.8000  3.258574e+00  1.118180e-01                     1
   1245.2000  3.576595e+00  1.178400e-01                     1
   1245.6000  4.067378e+00  1.243934e-01                     1
   1246.0000  4.452316e+00  1.272438e-01                     1
   1246.4000  4.401170e+00  1.278097e-01                     1
   1246.8000  4.586474e+00  1.306227e-01                     1
   1247.2000  4.732361e+00  1.308382e-01                     1
   1247.6000  5.074335e+00  1.294906e-01                     1
   1248.0000  5.427060e+00  1.357363e-01                     1
   1248.4000  5.034287e+00  1.351203e-01                     1
   1248.8000  5.532906e+00  1.403757e-01                     1
   1249.2000  5.988618e+00  1.465525e-01                     1
   1249.6000  6.235486e+00  1.482338e-01                     1
   1250.0000  6.374050e+00  1.485279e-01                     1
   1250.4000  6.391520e+00  1.509600e-01                     1
   1250.8000  5.581756e+00  1.422905e-01                     1
   1251.2000  5.951247e+00  1.440099e-01                     1
   1251.6000  5.850903e+00  1.451654e-01                     1
   1252.0000  5.300335e+00  1.363543e-01                     1
   1252.4000  4.920568e+00  1.272062e-01                     1
   1252.8000  4.245291e+00  1.265051e-01                     1
   1253.2000  3.252603e+00  1.142457e-01                     1
   1253.6000  2.719512e+00  1.050884e-01                     1
   1254.0000  2.602398e+00  1.033820e-01                     1
   1254.4000  3.902701e+00  1.223706e-01                     1
   1254.8000  4.687448e+00  1.302492e-01                     1
   1255.2000  5.147325e+00  1.351898e-01                     1
   1255.6000  5.338865e+00  1.389939e-01                     1
   1256.0000  4.854111e+00  1.281976e-01                     1
   1256.4000  4.229812e+00  1.205310e-01                     1
   1256.8000  4.555954e+00  1.304289e-01                     1
   1257.2000  4.704336e+00  1.316067e-01                     1
   1257.6000  4.419340e+00  1.264320e-01                     1
   1258.0000  4.537948e+00  1.303074e-01                     1
   1258.4000  4.555484e+00  1.306152e-01                     0
   1258.8000  4.433866e+00  1.272390e-01                     0
   1259.2000  4.300271e+00  1.275517e-01                     0
   1259.6000  3.228903e+00  1.135465e-01                     0
   1260.0000  3.478666e+00  1.160893e-01                     0
   1260.4000  1.498127e+00  8.346358e-02                     0
   1260.8000  2.148139e+00  9.145806e-02                     0
   1261.2000  3.659904e+00  1.187359e-01                     0
   1261.6000  3.143980e+00  1.111133e-01                     0
   1262.0000  3.835872e+00  1.224976e-01                     0
   1262.4000  4.368645e+00  1.282627e-01                     0
   1262.8000  4.333085e+00  1.255438e-01                     1
   1263.2000  4.300747e+00  1.288471e-01                     1
   1263.6000  4.646076e+00  1.329403e-01                     1
   1264.0000  4.320338e+00  1.278338e-01                     0
   1264.4000  4.184239e+00  1.247515e-01                     0
   1264.8000  4.187881e+00  1.220384e-01                     0
   1265.2000  4.203264e+00  1.266075e-01                     0
   1265.6000  4.005030e+00  1.231553e-01                     0
   1266.0000  3.059928e+00  1.083910e-01                     0
   1266.4000  2.959145e+00  1.093774e-01                     0
   1266.8000  3.830938e+00  1.230925e-01                     0
   1267.2000  4.827995e+00  1.367536e-01                     0
   1267.6000  4.771774e+00  1.349374e-01                     0
   1268.0000  4.567009e+00  1.290102e-01                     0
   1268.4000  4.725827e+00  1.283020e-01                     0
   1268.8000  4.821112e+00  1.340390e-01                     0
   1269.2000  4.819844e+00  1.286009e-01                     0
   1269.6000  4.746507e+00  1.324709e-01                     0
   1270.0000  4.812172e+00  1.311248e-01                     0
   1270.4000  4.627189e+00  1.882755e-01                     0
   1270.8000  4.738963e+00  2.106250e-01                     0
   1271.2000  3.929228e+00  1.963196e-01                     0
   1271.6000  4.457211e+00  2.024599e-01                     0
   1272.0000  4.874293e+00  1.975739e-01                     0
   1272.4000  4.268315e+00  1.841757e-01                     0
   1272.8000  5.035701e+00  2.048835e-01                     0
   1273.2000  5.060295e+00  1.992522e-01                     0
   1273.6000  5.086380e+00  2.169295e-01                     0
   1274.0000  4.474819e+00  2.050669e-01                     0
   1274.4000  0.000000e+00  1.000000e+00                     0
   1274.8000  0.000000e+00  1.000000e+00                     0
   1275.2000  0.000000e+00  1.000000e+00                     0
   1275.6000  0.000000e+00  1.000000e+00                     0
   1276.0000  0.000000e+00  1.000000e+00                     0
   1276.4000  0.000000e+00  1.000000e+00                     0
   1276.8000  0.000000e+00  1.000000e+00                     0
   1277.2000  0.000000e+00  1.000000e+00                     0
   1277.6000  0.000000e+00  1.000000e+00                     0
   1278.0000  0.000000e+00  1.000000e+00                     0
   1278.4000  0.000000e+00  1.000000e+00                     0
   1278.8000  0.000000e+00  1.000000e+00                     0
   1279.2000  0.000000e+00  1.000000e+00                     0
   1279.6000  0.000000e+00  1.000000e+00                     0
   1280.0000  0.000000e+00  1.000000e+00                     0
   1280.4000  0.000000e+00  1.000000e+00                     0
   1280.8000  0.000000e+00  1.000000e+00                     0
   1281.2000  0.000000e+00  1.000000e+00                     0
   1281.6000  0.000000e+00  1.000000e+00                     0
   1282.0000  0.000000e+00  1.000000e+00                     0
   1282.4000  0.000000e+00  1.000000e+00                     0
   1282.8000  0.000000e+00  1.000000e+00                     0
   1283.2000  0.000000e+00  1.000000e+00                     0
   1283.6000  0.000000e+00  1.000000e+00                     0
   1284.0000  0.000000e+00  1.000000e+00                     0
   1284.4000  0.000000e+00  1.000000e+00                     0
   1284.8000  0.000000e+00  1.000000e+00                     0
   1285.2000  0.000000e+00  1.000000e+00                     0
   1285.6000  0.000000e+00  1.000000e+00                     0
   1286.0000  0.000000e+00  1.000000e+00                     0
   1286.4000  0.000000e+00  1.000000e+00                     0
   1286.8000  0.000000e+00  1.000000e+00                     0
   1287.2000  0.000000e+00  1.000000e+00                     0
   1287.6000  2.607886e+00  1.083413e-01                     0
   1288.0000  3.524416e+00  1.567735e-01                     0
   1288.4000  4.246725e+00  1.980550e-01                     0
   1288.8000  4.755988e+00  2.098377e-01                     0
   1289.2000  4.911649e+00  2.111208e-01                     0
   1289.6000  0.000000e+00  1.000000e+00                     0
   1290.0000  0.000000e+00  1.000000e+00                     0
   1290.4000  4.069205e+00  2.004312e-01                     0
   1290.8000  4.528948e+00  2.038877e-01                     0
   1291.2000  5.026025e+00  1.453660e-01                     0
   1291.6000  4.904788e+00  1.442082e-01                     0
   1292.0000  4.524063e+00  1.373089e-01                     0
   1292.4000  3.986322e+00  1.320760e-01                     0
   1292.8000  3.479148e+00  1.258894e-01                     0
   1293.2000  3.651125e+00  1.263138e-01                     1
   1293.6000  4.413358e+00  1.645289e-01                     1
   1294.0000  3.930700e+00  1.366152e-01                     1
   1294.4000  4.543072e+00  1.396158e-01                     1
   1294.8000  4.852622e+00  1.398743e-01                     1
   1295.2000  4.685621e+00  1.327759e-01                     1
   1295.6000  4.793479e+00  1.437016e-01                     1
   1296.0000  4.517325e+00  1.391840e-01                     1
   1296.4000  4.578977e+00  1.421432e-01                     1
   1296.8000  4.651160e+00  1.429832e-01                     1
   1297.2000  4.729373e+00  1.427067e-01                     1
   1297.6000  4.201342e+00  1.381552e-01                     1
   1298.0000  3.861401e+00  1.337285e-01                     0
   1298.4000  4.185158e+00  1.357172e-01                     0
   1298.8000  4.755559e+00  1.392469e-01                     0
   1299.2000  4.604690e+00  1.363462e-01                     0
   1299.6000  4.482920e+00  1.398124e-01                     0
   1300.0000  4.222798e+00  1.377370e-01                     0
   1300.4000  3.963112e+00  1.353807e-01                     0
   1300.8000  3.347731e+00  1.252807e-01                     0
   1301.2000  3.090606e+00  1.213698e-01                     0
   1301.6000  6.448994e+00  1.656013e-01                     0
   1302.0000  1.221683e+01  2.443367e-01                     0
   1302.4000  1.242797e+01  2.485594e-01                     0
   1302.8000  5.912292e+00  1.592638e-01                     0
   1303.2000  2.337076e+00  1.060879e-01                     0
   1303.6000  2.708549e+00  1.118924e-01                     0
   1304.0000  3.701541e+00  1.331637e-01                     0
   1304.4000  5.631081e+00  1.565501e-01                     0
   1304.8000  1.077267e+01  2.359286e-01                     0
   1305.2000  9.559666e+00  2.164512e-01                     0
   1305.6000  4.912995e+00  1.496488e-01                     0
   1306.0000  6.371617e+00  1.640560e-01                     0
   1306.4000  6.734603e+00  1.693164e-01                     0
   1306.8000  4.668945e+00  1.466825e-01                     0
   1307.2000  3.269275e+00  1.193057e-01                     0
   1307.6000  2.450613e+00  1.109448e-01                     0
   1308.0000  2.624304e+00  1.175449e-01                     0
   1308.4000  3.621654e+00  1.322756e-01                     0
   1308.8000  3.858910e+00  1.716957e-01                     0
   1309.2000  3.958098e+00  1.395157e-01                     0
   1309.6000  3.169863e+00  1.255045e-01                     0
   1310.0000  2.754091e+00  1.181051e-01                     0
   1310.4000  2.858357e+00  1.223624e-01                     0
   1310.8000  4.051571e+00  1.395297e-01                     0
   1311.2000  3.910937e+00  1.351613e-01                     0
   1311.6000  4.160206e+00  1.350508e-01                     1
   1312.0000  4.375873e+00  1.385656e-01                     1
   1312.4000  4.232318e+00  1.399752e-01                     1
   1312.8000  4.436692e+00  1.439559e-01                     1
   1313.2000  4.571482e+00  1.466592e-01                     1
   1313.6000  4.795007e+00  1.477055e-01                     1
   1314.0000  5.126165e+00  1.524825e-01                     0
   1314.4000  5.035683e+00  1.522579e-01                     0
   1314.8000  4.902383e+00  1.492049e-01                     0
   1315.2000  4.609387e+00  1.451207e-01                     0
   1315.6000  4.572451e+00  1.380958e-01                     0
   1316.0000  4.397037e+00  1.407766e-01                     0
   1316.4000  4.915569e+00  1.495640e-01                     1
   1316.8000  4.415100e+00  1.448965e-01                     1
   1317.2000  5.021849e+00  1.519548e-01                     1
   1317.6000  5.015159e+00  1.499984e-01                     1
   1318.0000  4.840953e+00  1.505148e-01                     1
   1318.4000  4.551841e+00  1.467081e-01                     1
   1318.8000  4.423988e+00  1.428946e-01                     1
   1319.2000  3.944452e+00  1.376379e-01                     1
   1319.6000  4.028100e+00  1.394508e-01                     1
   1320.0000  4.631109e+00  1.362523e-01                     1
   1320.4000  5.064374e+00  1.490149e-01                     1
   1320.8000  4.581800e+00  1.469766e-01                     1
   1321.2000  4.554285e+00  1.453940e-01                     1
   1321.6000  4.312048e+00  1.422622e-01                     1
   1322.0000  4.492929e+00  1.465651e-01                     1
   1322.4000  4.683669e+00  1.484185e-01                     1
   1322.8000  4.333276e+00  1.425882e-01                     1
   1323.2000  4.610367e+00  1.483300e-01                     1
   1323.6000  4.871167e+00  1.508178e-01                     1
   1324.0000  4.809820e+00  1.362848e-01                     1
   1324.4000  4.457904e+00  1.459288e-01                     1
   1324.8000  4.477902e+00  1.469459e-01                     1
   1325.2000  4.644888e+00  1.461570e-01                     1
   1325.6000  4.851302e+00  1.509123e-01                     1
   1326.0000  4.781697e+00  1.510997e-01                     1
   1326.4000  4.749197e+00  1.483107e-01                     1
   1326.8000  4.764195e+00  1.494623e-01                     1
   1327.2000  4.574034e+00  1.481694e-01                     1
   1327.6000  4.280952e+00  1.427998e-01                     1
   1328.0000  4.399204e+00  1.448963e-01                     1
   1328.4000  4.479135e+00  1.363800e-01                     1
   1328.8000  4.747878e+00  1.483288e-01                     1
   1329.2000  4.812469e+00  1.495483e-01                     1
   1329.6000  4.746700e+00  1.506417e-01                     1
   1330.0000  4.298246e+00  1.439074e-01                     1
   1330.4000  3.647271e+00  1.331229e-01                     1
   1330.8000  3.283439e+00  1.304059e-01                     1
   1331.2000  3.730214e+00  1.371408e-01                     1
   1331.6000  4.127126e+00  1.401578e-01                     0
   1332.0000  4.584669e+00  1.472848e-01                     0
   1332.4000  5.349143e+00  1.482161e-01                     0
   1332.8000  4.880521e+00  1.497756e-01                     0
   1333.2000  5.056052e+00  1.535639e-01                     0
   1333.6000  4.446816e+00  1.468569e-01                     0
   1334.0000  3.542905e+00  1.327071e-01                     0
   1334.4000  1.885903e+00  1.043469e-01                     0
   1334.8000  9.401868e-01  8.296333e-02                     0
   1335.2000  2.476658e+00  1.161495e-01                     0
   1335.6000  2.950411e+00  1.238706e-01                     0
   1336.0000  2.568110e+00  1.191969e-01                     0
   1336.4000  3.664107e+00  1.342282e-01                     0
   1336.8000  3.870964e+00  1.274208e-01                     0
   1337.2000  3.970289e+00  1.387798e-01                     0
   1337.6000  4.083292e+00  1.416230e-01                     0
   1338.0000  4.248490e+00  1.417194e-01                     0
   1338.4000  4.354025e+00  1.452214e-01                     0
   1338.8000  4.395488e+00  1.457592e-01                     0
   1339.2000  4.044628e+00  1.382707e-01                     0
   1339.6000  3.907908e+00  1.377134e-01                     0
   1340.0000  3.542350e+00  1.337041e-01                     0
   1340.4000  2.519194e+00  1.149797e-01                     0
   1340.8000  2.096292e+00  1.030461e-01                     0
   1341.2000  2.268075e+00  1.130901e-01                     0
   1341.6000  2.188064e+00  1.108830e-01                     0
   1342.0000  2.595627e+00  1.176911e-01                     0
   1342.4000  2.580710e+00  1.187027e-01                     0
   1342.8000  3.329244e+00  1.295837e-01                     0
   1343.2000  4.430293e+00  1.438039e-01                     0
   1343.6000  4.873083e+00  1.514991e-01                     1
   1344.0000  5.073098e+00  1.537735e-01                     1
   1344.4000  4.686639e+00  1.467259e-01                     1
   1344.8000  4.759686e+00  1.474359e-01                     1
   1345.2000  4.581604e+00  1.381493e-01                     1
   1345.6000  4.223938e+00  1.403245e-01                     1
   1346.0000  4.515326e+00  1.454897e-01                     1
   1346.4000  4.462616e+00  1.454029e-01                     1
   1346.8000  4.508106e+00  1.441322e-01                     1
   1347.2000  4.544574e+00  1.456791e-01                     1
   1347.6000  4.593583e+00  1.476672e-01                     1
   1348.0000  4.305560e+00  1.427211e-01                     1
   1348.4000  3.915187e+00  1.371020e-01                     1
   1348.8000  4.047170e+00  1.367979e-01                     1
   1349.2000  3.756401e+00  1.280442e-01                     1
   1349.6000  3.721560e+00  1.341443e-01                     1
   1350.0000  3.439044e+00  1.319476e-01                     1
   1350.4000  3.545294e+00  1.334501e-01                     1
   1350.8000  3.393377e+00  1.296402e-01                     1
   1351.2000  3.877660e+00  1.387737e-01                     1
   1351.6000  4.078031e+00  1.412050e-01                     1
   1352.0000  4.176042e+00  1.404911e-01                     1
   1352.4000  4.066043e+00  1.403607e-01                     1
   1352.8000  3.921958e+00  1.388479e-01                     1
   1353.2000  4.263152e+00  1.349409e-01                     1
   1353.6000  4.038250e+00  1.329291e-01                     1
   1354.0000  4.422606e+00  1.454516e-01                     1
   1354.4000  4.613937e+00  1.468310e-01                     1
   1354.8000  4.487179e+00  1.446686e-01                     1
   1355.2000  4.835905e+00  1.507863e-01                     1
   1355.6000  4.409389e+00  1.440775e-01                     1
   1356.0000  4.401401e+00  1.432409e-01                     1
   1356.4000  4.594590e+00  1.479675e-01                     1
   1356.8000  4.271567e+00  1.431604e-01                     1
   1357.2000  4.105251e+00  1.315968e-01                     1
   1357.6000  4.391034e+00  1.417438e-01                     1
   1358.0000  4.411908e+00  1.459030e-01                     1
   1358.4000  4.479067e+00  1.437033e-01                     1
   1358.8000  4.381787e+00  1.440641e-01                     1
   1359.2000  4.241266e+00  1.433209e-01                     1
   1359.6000  4.112683e+00  1.397476e-01                     1
   1360.0000  4.186438e+00  1.415613e-01                     1
   1360.4000  4.247179e+00  1.432049e-01                     1
   1360.8000  4.505080e+00  1.447163e-01                     1
   1361.2000  4.367179e+00  1.427593e-01                     1
   1361.6000  4.686476e+00  1.429270e-01                     1
   1362.0000  4.438033e+00  1.407063e-01                     1
   1362.4000  4.188450e+00  1.412220e-01                     1
   1362.8000  4.076567e+00  1.412794e-01                     1
   1363.2000  4.022893e+00  1.397763e-01                     1
   1363.6000  4.469934e+00  1.443462e-01                     1
   1364.0000  4.096595e+00  1.416079e-01                     1
   1364.4000  4.001058e+00  1.402548e-01                     1
   1364.8000  4.211626e+00  1.407794e-01                     1
   1365.2000  4.072696e+00  1.405760e-01                     1
   1365.6000  4.329263e+00  1.365386e-01                     1
   1366.0000  4.213125e+00  1.384554e-01                     1
   1366.4000  4.174293e+00  1.413807e-01                     1
   1366.8000  4.649314e+00  1.485282e-01                     1
   1367.2000  4.474645e+00  1.450537e-01                     1
   1367.6000  4.189542e+00  1.415283e-01                     1
   1368.0000  3.918841e+00  1.389900e-01                     1
   1368.4000  3.593625e+00  1.333457e-01                     1
   1368.8000  3.748431e+00  1.349297e-01                     1
   1369.2000  3.708268e+00  1.362809e-01                     1
   1369.6000  3.749647e+00  1.364498e-01                     1
   1370.0000  3.645688e+00  1.231519e-01                     1
   1370.4000  3.388300e+00  1.311096e-01                     1
   1370.8000  4.166216e+00  1.427957e-01                     1
   1371.2000  4.793372e+00  1.490288e-01                     1
   1371.6000  3.956562e+00  1.398050e-01                     1
   1372.0000  3.430328e+00  1.323755e-01                     1
   1372.4000  3.867928e+00  1.368053e-01                     1
   1372.8000  4.089741e+00  1.411654e-01                     1
   1373.2000  4.172465e+00  1.429594e-01                     1
   1373.6000  4.176966e+00  1.411439e-01                     1
   1374.0000  4.123776e+00  1.316539e-01                     1
   1374.4000  4.420574e+00  1.459843e-01                     1
   1374.8000  4.615509e+00  1.475349e-01                     1
   1375.2000  4.406547e+00  1.444483e-01                     1
   1375.6000  4.188599e+00  1.434931e-01                     1
   1376.0000  3.963595e+00  1.397381e-01                     1
   1376.4000  3.878082e+00  1.371224e-01                     1
   1376.8000  4.310729e+00  1.454658e-01                     1
   1377.2000  4.589481e+00  1.486826e-01                     1
   1377.6000  4.776112e+00  1.492031e-01                     1
   1378.0000  4.415768e+00  1.463111e-01                     1
   1378.4000  3.566609e+00  1.249609e-01                     1
   1378.8000  3.795889e+00  1.361309e-01                     1
   1379.2000  4.105039e+00  1.422074e-01                     1
   1379.6000  4.388322e+00  1.465368e-01                     1
   1380.0000  3.659008e+00  1.346543e-01                     1
   1380.4000  3.736657e+00  1.367987e-01                     1
   1380.8000  3.732741e+00  1.377393e-01                     1
   1381.2000  3.685707e+00  1.360195e-01                     1
   1381.6000  3.737357e+00  1.361022e-01                     1
   1382.0000  3.708395e+00  1.345624e-01                     1
   1382.4000  4.254618e+00  1.349195e-01                     1
   1382.8000  3.776581e+00  1.359881e-01                     1
   1383.2000  3.951586e+00  1.410556e-01                     1
   1383.6000  3.737928e+00  1.684295e-01                     1
   1384.0000  3.803472e+00  1.552011e-01                     1
   1384.4000  3.907734e+00  1.407594e-01                     1
   1384.8000  4.046393e+00  1.430677e-01                     1
   1385.2000  3.801156e+00  1.373594e-01                     1
   1385.6000  3.630357e+00  1.368547e-01                     1
   1386.0000  3.466544e+00  1.353811e-01                     1
   1386.4000  3.688629e+00  1.343588e-01                     1
   1386.8000  3.786353e+00  1.307570e-01                     1
   1387.2000  3.887928e+00  1.414878e-01                     1
   1387.6000  3.747234e+00  1.801329e-01                     1
   1388.0000  3.723944e+00  1.406416e-01                     1
   1388.4000  3.658993e+00  1.382820e-01                     1
   1388.8000  3.857863e+00  1.402567e-01                     1
   1389.2000  3.467618e+00  1.707223e-01                     1
   1389.6000  3.227781e+00  2.107143e-01                     1
   1390.0000  3.714419e+00  1.655600e-01                     1
   1390.4000  3.719190e+00  1.336803e-01                     1
   1390.8000  3.053081e+00  1.249961e-01                     1
   1391.2000  2.686160e+00  1.244231e-01                     1
   1391.6000  3.383458e+00  1.331700e-01                     1
   1392.0000  3.126558e+00  1.305219e-01                     1
   1392.4000  3.322663e+00  1.340643e-01                     1
   1392.8000  3.211114e+00  1.303320e-01                     1
   1393.2000  3.020059e+00  1.727370e-01                     1
   1393.6000  2.299598e+00  1.809323e-01                     1
   1394.0000  2.281790e+00  1.202036e-01                     1
   1394.4000  2.276226e+00  1.156268e-01                     1
   1394.8000  2.274108e+00  1.133480e-01                     1
   1395.2000  1.998464e+00  1.046444e-01                     1
   1395.6000  2.338307e+00  1.167436e-01                     1
   1396.0000  2.542941e+00  1.222428e-01                     1
   1396.4000  2.583118e+00  1.218668e-01                     1
   1396.8000  2.579610e+00  1.207043e-01                     1
   1397.2000  2.282219e+00  1.176350e-01                     0
   1397.6000  2.230170e+00  1.161991e-01                     0
   1398.0000  2.318829e+00  1.159434e-01                     0
   1398.4000  2.196314e+00  1.156057e-01                     0
   1398.8000  2.095866e+00  1.084921e-01                     0
   1399.2000  1.799600e+00  1.033428e-01                     0
   1399.6000  1.756432e+00  1.071282e-01                     0
   1400.0000  1.447925e+00  1.006808e-01                     0
   1400.4000  1.452244e+00  9.932090e-02                     0
   1400.8000  1.727320e+00  1.061279e-01                     0
   1401.2000  1.963547e+00  1.056337e-01                     0
   1401.6000  2.403506e+00  1.118287e-01                     0
   1402.0000  2.613533e+00  1.163380e-01                     1
   1402.4000  2.500878e+00  1.114981e-01                     1
   1402.8000  2.331151e+00  1.096858e-01                     1
   1403.2000  2.442672e+00  1.070313e-01                     1
   1403.6000  2.765129e+00  1.166540e-01                     1
   1404.0000  2.465264e+00  1.148813e-01                     1
   1404.4000  2.603455e+00  1.785220e-01                     1
   1404.8000  2.431504e+00  1.069832e-01                     1
   1405.2000  2.301972e+00  8.843593e-02                     1
   1405.6000  2.593159e+00  9.081262e-02                     1
   1406.0000  2.416231e+00  8.861771e-02                     1
   1406.4000  2.406690e+00  8.860686e-02                     1
   1406.8000  2.375535e+00  7.637272e-02                     1
   1407.2000  2.548648e+00  7.367808e-02                     1
   1407.6000  2.432029e+00  7.629460e-02                     1
   1408.0000  2.328206e+00  7.554347e-02                     0
   1408.4000  2.245681e+00  7.748461e-02                     0
   1408.8000  2.023975e+00  7.221519e-02                     0
   1409.2000  2.039402e+00  6.999489e-02                     0
   1409.6000  2.051906e+00  7.066277e-02                     0
   1410.0000  2.498835e+00  7.831363e-02                     0
   1410.4000  3.155751e+00  9.538223e-02                     0
   1410.8000  3.689379e+00  9.174063e-02                     1
   1411.2000  4.135865e+00  1.131575e-01                     1
   1411.6000  4.265021e+00  1.137782e-01                     1
   1412.0000  4.218163e+00  8.761690e-02                     1
   1412.4000  4.023136e+00  8.681022e-02                     1
   1412.8000  3.852827e+00  8.532872e-02                     1
   1413.2000  3.522072e+00  8.190528e-02                     1
   1413.6000  3.775404e+00  8.434578e-02                     1
   1414.0000  4.087613e+00  8.777299e-02                     1
   1414.4000  3.984628e+00  9.017294e-02                     1
   1414.8000  3.897987e+00  9.306969e-02                     1
   1415.2000  3.499328e+00  1.159303e-01                     1
   1415.6000  3.683026e+00  9.609160e-02                     1
   1416.0000  3.342338e+00  8.004314e-02                     1
   1416.4000  3.181361e+00  7.928073e-02                     1
   1416.8000  3.114694e+00  7.896188e-02                     1
   1417.2000  3.083200e+00  7.764638e-02                     1
   1417.6000  3.553456e+00  8.353797e-02                     1
   1418.0000  3.554432e+00  8.334341e-02                     1
   1418.4000  3.144249e+00  7.940725e-02                     1
   1418.8000  3.293022e+00  8.313784e-02                     1
   1419.2000  3.585071e+00  8.316825e-02                     1
   1419.6000  3.684013e+00  8.407897e-02                     1
   1420.0000  3.813143e+00  7.965502e-02                     1
   1420.4000  3.805434e+00  8.779332e-02                     1
   1420.8000  3.671957e+00  8.808494e-02                     1
   1421.2000  3.383222e+00  1.072494e-01                     1
   1421.6000  3.132004e+00  1.039566e-01                     1
   1422.0000  3.127660e+00  7.772065e-02                     1
   1422.4000  3.202625e+00  7.839714e-02                     1
   1422.8000  3.292430e+00  8.090958e-02                     1
   1423.2000  3.172957e+00  7.910050e-02                     1
   1423.6000  3.092043e+00  7.776705e-02                     1
   1424.0000  2.653152e+00  6.951361e-02                     1
   1424.4000  2.281798e+00  6.913724e-02                     1
   1424.8000  2.700167e+00  7.794331e-02                     1
   1425.2000  2.818331e+00  1.057295e-01                     1
   1425.6000  3.118111e+00  9.297877e-02                     1
   1426.0000  3.354488e+00  1.150825e-01                     1
   1426.4000  2.899886e+00  1.096002e-01                     1
   1426.8000  2.973213e+00  1.087151e-01                     1
   1427.2000  2.951029e+00  1.113182e-01                     1
   1427.6000  3.172038e+00  1.142882e-01                     1
   1428.0000  3.230412e+00  1.163071e-01                     1
   1428.4000  3.160937e+00  1.136873e-01                     1
   1428.8000  3.301022e+00  1.177783e-01                     1
   1429.2000  3.254112e+00  9.861601e-02                     1
   1429.6000  3.121854e+00  8.969837e-02                     1
   1430.0000  3.273122e+00  9.220673e-02                     1
   1430.4000  3.360917e+00  9.372920e-02                     1
   1430.8000  3.081470e+00  9.958793e-02                     1
   1431.2000  3.035832e+00  1.071551e-01                     1
   1431.6000  3.200249e+00  9.200744e-02                     1
   1432.0000  3.552457e+00  9.664700e-02                     1
   1432.4000  3.360171e+00  9.399880e-02                     1
   1432.8000  3.150068e+00  9.170727e-02                     1
   1433.2000  2.786557e+00  8.679379e-02                     1
   1433.6000  2.580044e+00  8.345861e-02                     1
   1434.0000  2.675247e+00  8.500827e-02                     1
   1434.4000  2.711510e+00  8.592629e-02                     1
   1434.8000  2.449894e+00  8.550109e-02                     1
   1435.2000  2.601034e+00  1.019238e-01                     1
   1435.6000  2.857129e+00  1.055401e-01                     1
   1436.0000  2.919343e+00  9.429789e-02                     1
   1436.4000  3.179310e+00  9.324711e-02                     1
   1436.8000  3.082679e+00  9.216031e-02                     1
   1437.2000  2.991715e+00  9.104984e-02                     1
   1437.6000  2.947371e+00  9.033748e-02                     1
   1438.0000  2.629084e+00  8.561532e-02                     1
   1438.4000  2.790497e+00  8.842850e-02                     1
   1438.8000  3.137594e+00  9.360474e-02                     1
   1439.2000  3.266088e+00  1.024019e-01                     1
   1439.6000  3.458395e+00  1.060644e-01                     1
   1440.0000  3.515885e+00  9.939852e-02                     1
   1440.4000  3.342021e+00  9.688943e-02                     1
   1440.8000  3.215296e+00  9.538044e-02                     1
   1441.2000  3.215004e+00  1.074766e-01                     1
   1441.6000  2.977746e+00  1.113798e-01                     1
   1442.0000  3.114591e+00  9.510462e-02                     1
   1442.4000  3.116015e+00  9.453760e-02                     1
   1442.8000  2.901026e+00  9.137173e-02                     1
   1443.2000  3.195978e+00  9.540800e-02                     1
   1443.6000  3.023268e+00  9.326015e-02                     1
   1444.0000  3.449414e+00  9.976586e-02                     1
   1444.4000  3.198762e+00  9.600301e-02                     1
   1444.8000  3.335535e+00  9.809563e-02                     1
   1445.2000  3.052440e+00  9.900757e-02                     1
   1445.6000  3.169182e+00  1.205013e-01                     1
   1446.0000  2.979062e+00  1.124567e-01                     1
   1446.4000  3.362427e+00  1.037699e-01                     1
   1446.8000  3.415445e+00  1.002346e-01                     1
   1447.2000  3.464704e+00  1.007101e-01                     1
   1447.6000  3.495747e+00  1.012973e-01                     1
   1448.0000  3.328508e+00  9.923888e-02                     1
   1448.4000  3.269096e+00  9.825071e-02                     1
   1448.8000  3.211513e+00  9.743149e-02                     1
   1449.2000  3.024269e+00  9.621107e-02                     1
   1449.6000  3.029220e+00  1.039770e-01                     1
   1450.0000  3.288345e+00  1.056009e-01                     1
   1450.4000  3.339795e+00  9.992191e-02                     1
   1450.8000  3.643793e+00  1.046105e-01                     1
   1451.2000  3.794718e+00  1.067223e-01                     1
   1451.6000  3.179934e+00  1.163330e-01                     1
   1452.0000  2.918030e+00  1.138519e-01                     1
   1452.4000  3.041743e+00  9.622712e-02                     1
   1452.8000  3.401587e+00  1.014242e-01                     1
   1453.2000  3.421927e+00  1.021309e-01                     1
   1453.6000  3.165908e+00  9.864547e-02                     1
   1454.0000  3.112577e+00  9.767980e-02                     1
   1454.4000  2.908199e+00  9.457834e-02                     1
   1454.8000  3.387324e+00  1.021466e-01                     1
   1455.2000  3.433090e+00  1.026207e-01                     1
   1455.6000  3.514189e+00  1.161937e-01                     1
   1456.0000  3.306944e+00  1.306065e-01                     1
   1456.4000  3.187604e+00  1.169225e-01                     1
   1456.8000  3.091387e+00  9.973809e-02                     1
   1457.2000  3.207848e+00  9.998323e-02                     1
   1457.6000  3.265560e+00  1.011757e-01                     1
   1458.0000  3.287561e+00  1.012896e-01                     1
   1458.4000  3.467327e+00  1.040811e-01                     1
   1458.8000  3.130664e+00  9.959962e-02                     1
   1459.2000  3.104438e+00  9.911681e-02                     1
   1459.6000  3.020133e+00  1.000804e-01                     1
   1460.0000  3.194211e+00  1.103882e-01                     1
   1460.4000  3.148278e+00  1.044453e-01                     1
   1460.8000  3.221892e+00  1.010361e-01                     1
   1461.2000  3.159699e+00  1.002515e-01                     1
   1461.6000  2.909118e+00  9.823704e-02                     1
   1462.0000  3.115764e+00  1.205442e-01                     1
   1462.4000  3.011070e+00  1.114778e-01                     1
   1462.8000  3.007600e+00  9.853988e-02                     1
   1463.2000  3.051116e+00  9.923048e-02                     1
   1463.6000  3.361003e+00  1.037886e-01                     1
   1464.0000  2.842598e+00  9.591457e-02                     1
   1464.4000  3.167653e+00  1.013983e-01                     1
   1464.8000  3.035963e+00  9.936124e-02                     1
   1465.2000  3.112148e+00  1.005704e-01                     1
   1465.6000  3.263225e+00  1.030154e-01                     1
   1466.0000  3.313791e+00  1.191176e-01                     1
   1466.4000  3.228641e+00  1.324721e-01                     1
   1466.8000  3.277994e+00  1.125878e-01                     1
   1467.2000  3.234162e+00  1.029021e-01                     1
   1467.6000  3.031483e+00  9.948556e-02                     1
   1468.0000  3.118901e+00  1.010811e-01                     1
   1468.4000  3.162789e+00  1.020111e-01                     1
   1468.8000  3.159495e+00  1.019423e-01                     1
   1469.2000  2.950785e+00  9.855367e-02                     1
   1469.6000  3.077663e+00  1.011293e-01                     1
   1470.0000  3.134858e+00  1.053229e-01                     1
   1470.4000  3.415931e+00  1.159840e-01                     1
   1470.8000  3.547206e+00  1.103803e-01                     1
   1471.2000  3.438841e+00  1.068388e-01                     1
   1471.6000  3.371697e+00  1.058024e-01                     1
   1472.0000  3.283350e+00  1.069611e-01                     1
   1472.4000  2.969457e+00  1.208896e-01                     1
   1472.8000  2.950906e+00  1.096627e-01                     1
   1473.2000  2.844054e+00  9.752626e-02                     1
   1473.6000  3.067846e+00  1.014449e-01                     1
   1474.0000  2.864470e+00  9.846764e-02                     1
   1474.4000  2.733531e+00  9.603373e-02                     1
   1474.8000  2.750244e+00  9.643482e-02                     1
   1475.2000  2.732445e+00  9.627585e-02                     1
   1475.6000  2.725186e+00  9.592674e-02                     1
   1476.0000  2.959527e+00  9.966798e-02                     1
   1476.4000  3.014112e+00  1.160820e-01                     1
   1476.8000  3.041613e+00  1.308064e-01                     1
   1477.2000  2.953244e+00  1.063639e-01                     1
   1477.6000  3.054328e+00  1.016798e-01                     1
   1478.0000  2.935950e+00  9.984883e-02                     1
   1478.4000  3.209416e+00  1.041376e-01                     1
   1478.8000  2.906616e+00  9.932264e-02                     1
   1479.2000  3.166206e+00  1.039263e-01                     1
   1479.6000  3.401402e+00  1.075599e-01                     1
   1480.0000  3.043392e+00  1.017037e-01                     1
   1480.4000  2.772163e+00  1.033692e-01                     1
   1480.8000  2.716643e+00  1.061852e-01                     1
   1481.2000  2.979234e+00  1.008364e-01                     1
   1481.6000  3.343711e+00  1.065235e-01                     1
   1482.0000  3.397446e+00  1.074618e-01                     1
   1482.4000  3.410761e+00  1.191121e-01                     1
   1482.8000  3.336914e+00  1.282953e-01                     1
   1483.2000  3.355315e+00  1.118505e-01                     1
   1483.6000  2.898227e+00  1.000724e-01                     1
   1484.0000  2.986376e+00  1.012276e-01                     1
   1484.4000  2.823382e+00  9.845117e-02                     1
   1484.8000  3.028180e+00  1.019797e-01                     1
   1485.2000  2.997730e+00  1.013947e-01                     1
   1485.6000  2.831629e+00  9.848267e-02                     1
   1486.0000  3.027988e+00  1.020966e-01                     1
   1486.4000  3.193462e+00  1.071208e-01                     1
   1486.8000  3.222167e+00  1.274759e-01                     1
   1487.2000  3.087352e+00  1.282786e-01                     1
   1487.6000  3.188825e+00  1.116843e-01                     1
   1488.0000  3.134488e+00  1.034953e-01                     1
   1488.4000  2.847992e+00  9.882249e-02                     1
   1488.8000  2.977750e+00  1.013233e-01                     1
   1489.2000  3.110831e+00  1.032406e-01                     1
   1489.6000  3.005805e+00  1.013481e-01                     1
   1490.0000  3.057812e+00  1.024703e-01                     1
   1490.4000  3.037513e+00  1.023595e-01                     1
   1490.8000  2.747815e+00  1.040900e-01                     1
   1491.2000  2.842010e+00  1.081685e-01                     1
   1491.6000  3.047063e+00  1.022556e-01                     1
   1492.0000  2.857459e+00  9.893246e-02                     1
   1492.4000  2.928179e+00  1.000105e-01                     1
   1492.8000  2.994583e+00  1.150055e-01                     1
   1493.2000  2.912886e+00  1.204993e-01                     1
   1493.6000  2.826914e+00  1.037821e-01                     1
   1494.0000  3.042845e+00  1.020727e-01                     1
   1494.4000  3.365280e+00  1.070131e-01                     1
   1494.8000  3.345212e+00  1.063480e-01                     1
   1495.2000  3.295671e+00  1.055231e-01                     1
   1495.6000  3.400277e+00  1.073049e-01                     1
   1496.0000  3.583520e+00  1.100944e-01                     1
   1496.4000  3.583830e+00  1.099149e-01                     1
   1496.8000  3.161367e+00  1.084281e-01                     1
   1497.2000  2.909882e+00  1.202624e-01                     1
   1497.6000  3.216498e+00  1.294000e-01                     1
   1498.0000  3.367935e+00  1.093994e-01                     1
   1498.4000  3.237384e+00  1.046854e-01                     1
   1498.8000  3.159354e+00  1.041614e-01                     1
   1499.2000  3.134643e+00  1.120920e-01                     1
   1499.6000  3.224888e+00  1.147234e-01                     1
   1500.0000  3.108290e+00  1.130596e-01                     1
   1500.4000  3.091060e+00  1.126213e-01                     1
   1500.8000  2.755100e+00  9.809334e-02                     1
   1501.2000  2.868172e+00  1.093531e-01                     1
   1501.6000  2.864386e+00  1.079996e-01                     1
   1502.0000  2.866369e+00  9.833706e-02                     1
   1502.4000  2.843756e+00  9.829956e-02                     1
   1502.8000  2.807733e+00  1.049586e-01                     1
   1503.2000  2.917165e+00  1.298232e-01                     1
   1503.6000  3.076932e+00  1.563766e-01                     1
   1504.0000  3.252956e+00  1.302785e-01                     1
   1504.4000  3.204474e+00  1.206964e-01                     1
   1504.8000  2.952185e+00  1.267401e-01                     1
   1505.2000  2.882681e+00  1.325289e-01                     1
   1505.6000  3.039070e+00  1.250520e-01                     1
   1506.0000  2.852240e+00  1.214824e-01                     1
   1506.4000  2.342163e+00  1.021363e-01                     1
   1506.8000  2.402191e+00  9.062740e-02                     1
   1507.2000  2.562527e+00  1.227439e-01                     1
   1507.6000  2.306705e+00  1.291958e-01                     1
   1508.0000  2.311375e+00  1.144152e-01                     1
   1508.4000  2.206947e+00  9.843408e-02                     1
   1508.8000  2.269304e+00  9.189376e-02                     1
   1509.2000  2.409028e+00  1.224697e-01                     1
   1509.6000  2.055087e+00  1.511507e-01                     1
   1510.0000  2.764680e+00  1.712915e-01                     1
   1510.4000  2.807400e+00  1.665418e-01                     1
   1510.8000  2.705878e+00  1.076083e-01                     1
   1511.2000  2.832657e+00  1.060841e-01                     1
   1511.6000  2.816483e+00  1.117547e-01                     1
   1512.0000  2.628730e+00  9.855217e-02                     1
   1512.4000  2.638808e+00  9.435036e-02                     1
   1512.8000  2.526166e+00  9.223320e-02                     1
   1513.2000  2.863166e+00  9.830018e-02                     1
   1513.6000  2.766954e+00  1.476548e-01                     1
   1514.0000  3.263004e+00  1.598827e-01                     1
   1514.4000  3.170528e+00  1.266782e-01                     1
   1514.8000  3.203415e+00  1.209592e-01                     1
   1515.2000  3.027126e+00  1.008390e-01                     1
   1515.6000  3.387727e+00  1.063116e-01                     1
   1516.0000  3.240036e+00  1.043569e-01                     1
   1516.4000  3.121511e+00  1.024637e-01                     1
   1516.8000  3.228487e+00  1.038021e-01                     1
   1517.2000  3.430964e+00  1.071210e-01                     1
   1517.6000  3.270581e+00  1.164335e-01                     1
   1518.0000  3.064267e+00  1.311113e-01                     1
   1518.4000  2.862185e+00  1.080630e-01                     1
   1518.8000  2.589731e+00  9.378760e-02                     1
   1519.2000  2.353705e+00  8.949311e-02                     1
   1519.6000  2.545662e+00  9.283031e-02                     1
   1520.0000  2.526888e+00  9.302409e-02                     1
   1520.4000  2.133164e+00  8.617403e-02                     1
   1520.8000  2.570678e+00  9.368367e-02                     1
   1521.2000  2.500745e+00  9.234713e-02                     1
   1521.6000  2.954587e+00  1.044951e-01                     1
   1522.0000  3.060243e+00  1.114463e-01                     1
   1522.4000  3.175394e+00  1.046091e-01                     1
   1522.8000  2.932176e+00  9.984616e-02                     1
   1523.2000  2.477359e+00  9.227349e-02                     1
   1523.6000  2.414477e+00  9.588241e-02                     1
   1524.0000  2.528251e+00  1.122855e-01                     1
   1524.4000  2.259419e+00  9.613568e-02                     1
   1524.8000  2.545922e+00  9.333532e-02                     0
   1525.2000  2.655746e+00  9.513432e-02                     0
   1525.6000  2.739943e+00  9.683109e-02                     0
   1526.0000  2.823317e+00  9.822703e-02                     0
   1526.4000  2.408993e+00  9.110318e-02                     0
   1526.8000  1.495905e+00  7.335699e-02                     0
   1527.2000  2.105358e+00  8.581547e-02                     0
   1527.6000  2.560072e+00  9.371889e-02                     0
   1528.0000  2.473523e+00  1.098134e-01                     0
   1528.4000  2.494555e+00  1.152549e-01                     0
   1528.8000  2.813714e+00  1.045159e-01                     1
   1529.2000  2.790631e+00  9.780149e-02                     1
   1529.6000  2.936426e+00  1.005311e-01                     1
   1530.0000  3.408221e+00  1.079213e-01                     1
   1530.4000  3.348996e+00  1.066251e-01                     1
   1530.8000  3.197445e+00  1.046690e-01                     1
   1531.2000  2.969622e+00  1.011205e-01                     1
   1531.6000  2.641171e+00  9.552999e-02                     0
   1532.0000  2.442469e+00  9.537785e-02                     0
   1532.4000  2.205509e+00  9.625219e-02                     0
   1532.8000  1.861454e+00  8.156659e-02                     0
   1533.2000  1.875984e+00  8.167244e-02                     0
   1533.6000  1.529218e+00  7.457379e-02                     0
   1534.0000  1.715529e+00  8.147068e-02                     0
   1534.4000  1.924226e+00  9.909585e-02                     0
   1534.8000  1.845131e+00  8.434978e-02                     0
   1535.2000  2.181424e+00  8.836355e-02                     0
   1535.6000  2.307075e+00  9.019588e-02                     1
   1536.0000  2.837541e+00  9.930932e-02                     1
   1536.4000  2.433755e+00  9.286132e-02                     1
   1536.8000  2.910251e+00  1.011096e-01                     1
   1537.2000  2.844972e+00  9.966495e-02                     1
   1537.6000  2.452096e+00  9.312510e-02                     1
   1538.0000  2.107541e+00  8.728745e-02                     1
   1538.4000  2.213095e+00  1.042147e-01                     1
   1538.8000  2.134649e+00  1.086351e-01                     1
   1539.2000  1.930166e+00  8.706285e-02                     1
   1539.6000  1.832604e+00  8.214628e-02                     1
   1540.0000  1.809081e+00  8.148544e-02                     1
   1540.4000  1.695001e+00  7.937187e-02                     1
   1540.8000  1.622258e+00  7.791385e-02                     1
   1541.2000  1.683849e+00  7.895441e-02                     1
   1541.6000  1.869121e+00  8.278750e-02                     1
   1542.0000  1.900985e+00  8.374133e-02                     1
   1542.4000  2.113466e+00  9.545138e-02                     1
   1542.8000  2.124958e+00  9.354992e-02                     1
   1543.2000  2.193264e+00  8.975529e-02                     1
   1543.6000  2.035465e+00  8.688769e-02                     1
   1544.0000  2.071800e+00  8.763478e-02                     1
   1544.4000  1.900157e+00  9.377112e-02                     1
   1544.8000  1.948003e+00  1.019252e-01                     1
   1545.2000  1.729601e+00  8.088617e-02                     1
   1545.6000  1.731674e+00  8.090734e-02                     1
   1546.0000  1.549284e+00  7.740053e-02                     1
   1546.4000  1.411743e+00  7.445441e-02                     1
   1546.8000  1.579640e+00  7.817755e-02                     1
   1547.2000  1.451176e+00  7.550202e-02                     1
   1547.6000  1.328051e+00  7.277509e-02                     1
   1548.0000  1.094585e+00  6.701684e-02                     1
   1548.4000  7.291422e-01  5.960198e-02                     1
   1548.8000  1.116581e+00  8.214489e-02                     1
   1549.2000  1.174659e+00  8.028431e-02                     1
   1549.6000  1.032006e+00  6.714995e-02                     1
   1550.0000  8.887484e-01  6.196484e-02                     1
   1550.4000  1.031355e+00  6.558107e-02                     1
   1550.8000  8.808871e-01  6.105160e-02                     1
   1551.2000  1.043292e+00  6.581543e-02                     1
   1551.6000  9.759997e-01  6.435225e-02                     1
   1552.0000  1.057458e+00  6.634424e-02                     1
   1552.4000  9.480516e-01  6.332442e-02                     1
   1552.8000  1.143783e+00  7.574181e-02                     1
   1553.2000  1.140400e+00  7.260304e-02                     1
   1553.6000  9.784155e-01  6.440055e-02                     1
   1554.0000  9.724657e-01  6.451143e-02                     0
   1554.4000  7.718697e-01  5.923753e-02                     0
   1554.8000  7.531399e-01  6.691292e-02                     0
   1555.2000  6.594608e-01  6.504179e-02                     0
   1555.6000  8.301780e-01  6.117213e-02                     0
   1556.0000  1.027127e+00  6.674555e-02                     0
   1556.4000  1.317004e+00  7.394057e-02                     0
   1556.8000  1.403041e+00  7.638910e-02                     1
   1557.2000  1.558493e+00  8.015411e-02                     0
   1557.6000  1.407893e+00  7.663787e-02                     0
   1558.0000  1.493585e+00  7.872762e-02                     0
   1558.4000  1.933446e+00  8.852652e-02                     0
   1558.8000  2.368417e+00  1.059614e-01                     1
   1559.2000  2.935958e+00  1.314024e-01                     1
   1559.6000  2.693635e+00  1.171804e-01                     1
   1560.0000  2.874070e+00  1.081057e-01                     1
   1560.4000  2.945313e+00  1.080566e-01                     1
   1560.8000  2.773016e+00  1.053834e-01                     1
   1561.2000  2.526851e+00  1.010960e-01                     1
   1561.6000  2.845455e+00  1.067166e-01                     1
   1562.0000  3.199329e+00  1.127559e-01                     1
   1562.4000  3.052820e+00  1.106554e-01                     1
   1562.8000  2.688301e+00  1.042665e-01                     1
   1563.2000  2.715194e+00  1.130974e-01                     1
   1563.6000  2.529646e+00  1.062868e-01                     1
   1564.0000  2.118681e+00  9.403452e-02                     1
   1564.4000  2.418783e+00  9.995510e-02                     1
   1564.8000  2.334777e+00  9.852180e-02                     1
   1565.2000  2.492612e+00  1.171314e-01                     1
   1565.6000  2.648340e+00  1.185768e-01                     1
   1566.0000  2.475374e+00  1.011487e-01                     1
   1566.4000  2.233428e+00  9.697450e-02                     1
   1566.8000  2.317350e+00  9.890495e-02                     1
   1567.2000  2.043733e+00  9.326436e-02                     1
   1567.6000  2.127455e+00  9.525234e-02                     1
   1568.0000  1.896268e+00  9.051367e-02                     1
   1568.4000  2.173598e+00  9.621734e-02                     1
   1568.8000  2.040161e+00  9.344639e-02                     1
   1569.2000  2.079530e+00  1.018280e-01                     1
   1569.6000  2.065512e+00  1.201929e-01                     1
   1570.0000  2.159859e+00  1.052032e-01                     1
   1570.4000  1.873681e+00  9.077786e-02                     1
   1570.8000  1.999375e+00  9.369474e-02                     1
   1571.2000  1.880598e+00  9.208836e-02                     1
   1571.6000  1.851888e+00  1.001779e-01                     1
   1572.0000  2.042523e+00  1.049380e-01                     0
   1572.4000  1.996235e+00  1.038685e-01                     0
   1572.8000  2.145139e+00  1.073772e-01                     0
   1573.2000  2.105182e+00  1.092566e-01                     0
   1573.6000  2.187479e+00  1.207018e-01                     0
   1574.0000  2.306919e+00  1.136554e-01                     0
   1574.4000  2.130651e+00  1.077522e-01                     0
   1574.8000  2.176009e+00  1.090533e-01                     0
   1575.2000  2.532813e+00  1.296280e-01                     0
   1575.6000  2.323918e+00  1.635304e-01                     0
   1576.0000  1.917799e+00  1.372320e-01                     0
   1576.4000  1.918807e+00  1.178562e-01                     0
   1576.8000  1.957703e+00  1.184066e-01                     0
   1577.2000  2.211160e+00  1.638408e-01                     0
   1577.6000  2.129040e+00  1.852398e-01                     0
   1578.0000  2.037401e+00  1.819366e-01                     0
   1578.4000  2.429905e+00  1.955964e-01                     0
   1578.8000  2.067366e+00  1.842897e-01                     0
   1579.2000  2.818659e+00  2.086707e-01                     0
   1579.6000  2.327617e+00  3.159147e-01                     0
   1580.0000  2.616458e+00  3.787325e-01                     0
   1580.4000  2.262843e+00  1.920519e-01                     0
   1580.8000  2.566187e+00  2.008923e-01                     0
   1581.2000  1.664569e+00  1.916811e-01                     0
   1581.6000  0.000000e+00  1.657106e-01                     0
   1582.0000  0.000000e+00  1.666707e-01                     0
   1582.4000  0.000000e+00  1.679584e-01                     0
   1582.8000  0.000000e+00  1.698499e-01                     0
   1583.2000  0.000000e+00  1.711226e-01                     0
   1583.6000  0.000000e+00  1.721046e-01                     0
   1584.0000  0.000000e+00  1.740412e-01                     0
   1584.4000  0.000000e+00  1.756367e-01                     0
   1584.8000  0.000000e+00  1.766077e-01                     0
   1585.2000  0.000000e+00  1.782185e-01                     0
   1585.6000  0.000000e+00  1.801956e-01                     0
   1586.0000  0.000000e+00  1.815151e-01                     0
   1586.4000  0.000000e+00  1.828093e-01                     0
   1586.8000  0.000000e+00  1.851246e-01                     0
   1587.2000  0.000000e+00  1.867895e-01                     0
   1587.6000  0.000000e+00  1.877913e-01                     0
   1588.0000  0.000000e+00  1.898128e-01                     0
   1588.4000  0.000000e+00  1.918517e-01                     0
   1588.8000  0.000000e+00  1.932080e-01                     0
   1589.2000  0.000000e+00  1.949020e-01                     0
   1589.6000  0.000000e+00  1.973549e-01                     0
   1590.0000  0.000000e+00  1.991197e-01                     0
   1590.4000  0.000000e+00  2.004753e-01                     0
   1590.8000  0.000000e+00  2.029421e-01                     0
   1591.2000  0.000000e+00  2.050819e-01                     0
   1591.6000  0.000000e+00  2.065202e-01                     0
   1592.0000  1.479331e+00  3.040992e-01                     0
   1592.4000  2.280038e+00  3.460037e-01                     0
   1592.8000  2.325394e+00  3.491861e-01                     0
   1593.2000  1.701097e+00  3.211202e-01                     0
   1593.6000  1.706680e+00  3.222009e-01                     0
   1594.0000  2.438867e+00  3.561030e-01                     0
   1594.4000  2.771780e+00  3.699662e-01                     0
   1594.8000  2.939924e+00  3.785321e-01                     0
   1595.2000  2.545184e+00  5.373959e-01                     0
   1595.6000  2.114037e+00  3.037676e-01                     0
   1596.0000  2.512286e+00  2.332081e-01                     0
   1596.4000  3.211485e+00  2.584862e-01                     0
   1596.8000  2.699597e+00  2.418588e-01                     0
   1597.2000  2.383368e+00  2.299728e-01                     1
   1597.6000  2.491064e+00  2.308506e-01                     1
   1598.0000  2.810078e+00  1.663761e-01                     1
   1598.4000  2.533357e+00  1.592616e-01                     1
   1598.8000  2.725858e+00  1.680235e-01                     1
   1599.2000  1.925430e+00  1.577086e-01                     1
   1599.6000  2.080068e+00  1.494455e-01                     1
   1600.0000  2.063923e+00  1.455108e-01                     1
   1600.4000  1.638482e+00  1.337607e-01                     1
   1600.8000  2.736083e+00  1.657411e-01                     1
   1601.2000  1.952580e+00  1.710605e-01                     1
   1601.6000  2.243370e+00  1.736640e-01                     1
   1602.0000  2.569045e+00  1.522599e-01                     1
   1602.4000  2.224353e+00  1.221404e-01                     1
   1602.8000  2.382434e+00  1.269341e-01                     1
   1603.2000  2.159518e+00  1.266634e-01                     1
   1603.6000  2.143755e+00  1.210097e-01                     1
   1604.0000  2.134877e+00  1.207317e-01                     1
   1604.4000  1.955947e+00  1.165356e-01                     1
   1604.8000  2.105331e+00  1.199321e-01                     1
   1605.2000  2.266931e+00  1.671889e-01                     1
   1605.6000  2.150976e+00  1.333012e-01                     1
   1606.0000  2.276789e+00  1.253380e-01                     1
   1606.4000  2.254047e+00  1.242824e-01                     1
   1606.8000  2.403510e+00  1.276070e-01                     1
   1607.2000  2.700329e+00  1.404127e-01                     0
   1607.6000  2.860719e+00  1.687571e-01                     0
   1608.0000  2.948043e+00  1.534976e-01                     0
   1608.4000  1.836856e+00  1.135574e-01                     0
   1608.8000  1.312543e+00  9.918828e-02                     0
   1609.2000  1.630429e+00  1.181365e-01                     0
   1609.6000  1.650731e+00  1.124382e-01                     0
   1610.0000  1.904420e+00  1.168850e-01                     0
   1610.4000  2.012357e+00  1.192238e-01                     1
   1610.8000  2.327124e+00  1.264042e-01                     1
   1611.2000  2.062923e+00  1.205769e-01                     1
   1611.6000  2.012889e+00  1.471009e-01                     1
   1612.0000  2.353458e+00  1.629039e-01                     1
   1612.4000  1.875412e+00  1.185089e-01                     1
   1612.8000  2.099146e+00  1.220562e-01                     1
   1613.2000  1.864058e+00  1.162560e-01                     1
   1613.6000  1.823591e+00  1.148826e-01                     1
   1614.0000  1.517450e+00  1.127616e-01                     0
   1614.4000  1.894688e+00  1.172840e-01                     0
   1614.8000  2.082056e+00  1.218664e-01                     0
   1615.2000  2.284059e+00  1.275563e-01                     0
   1615.6000  2.091916e+00  1.341979e-01                     0
   1616.0000  2.241139e+00  1.325888e-01                     0
   1616.4000  2.356618e+00  1.293850e-01                     0
   1616.8000  2.476042e+00  1.326890e-01                     0
   1617.2000  2.083297e+00  1.229063e-01                     1
   1617.6000  1.876760e+00  1.444395e-01                     1
   1618.0000  1.746905e+00  1.325900e-01                     1
   1618.4000  1.635114e+00  1.118327e-01                     1
   1618.8000  1.736680e+00  1.141902e-01                     1
   1619.2000  1.733242e+00  1.139370e-01                     1
   1619.6000  1.832096e+00  1.238115e-01                     1
   1620.0000  1.553646e+00  1.161442e-01                     1
   1620.4000  1.605967e+00  1.107377e-01                     1
   1620.8000  1.828733e+00  1.174042e-01                     1
   1621.2000  2.357053e+00  1.309289e-01                     1
   1621.6000  2.366824e+00  1.419966e-01                     1
   1622.0000  2.125345e+00  1.632039e-01                     1
   1622.4000  1.941293e+00  1.381887e-01                     1
   1622.8000  1.954255e+00  1.224859e-01                     1
   1623.2000  2.125514e+00  1.253843e-01                     1
   1623.6000  2.239141e+00  1.291945e-01                     1
   1624.0000  2.412014e+00  1.492200e-01                     1
   1624.4000  2.153014e+00  1.269923e-01                     1
   1624.8000  2.108823e+00  1.260023e-01                     1
   1625.2000  1.878327e+00  1.198115e-01                     1
   1625.6000  2.013436e+00  1.281760e-01                     1
   1626.0000  1.948172e+00  1.324002e-01                     1
   1626.4000  2.267952e+00  1.355018e-01                     1
   1626.8000  2.008764e+00  1.238584e-01                     1
   1627.2000  2.270257e+00  1.299482e-01                     1
   1627.6000  2.119868e+00  1.269501e-01                     1
   1628.0000  2.342719e+00  1.595529e-01                     1
   1628.4000  1.938078e+00  1.430170e-01                     1
   1628.8000  1.816409e+00  1.184173e-01                     1
   1629.2000  1.718179e+00  1.164131e-01                     1
   1629.6000  1.696612e+00  1.158522e-01                     1
   1630.0000  1.776393e+00  1.176189e-01                     1
   1630.4000  1.881939e+00  1.205987e-01                     1
   1630.8000  2.205415e+00  1.289613e-01                     1
   1631.2000  2.293390e+00  1.309147e-01                     1
   1631.6000  2.155434e+00  1.280142e-01                     1
   1632.0000  2.201161e+00  1.513285e-01                     1
   1632.4000  2.209210e+00  1.729435e-01                     1
   1632.8000  2.374594e+00  1.439347e-01                     1
   1633.2000  2.184926e+00  1.293918e-01                     1
   1633.6000  2.415084e+00  1.351092e-01                     1
   1634.0000  2.583103e+00  1.392812e-01                     1
   1634.4000  1.876136e+00  1.218644e-01                     1
   1634.8000  1.813270e+00  1.203270e-01                     1
   1635.2000  1.844912e+00  1.210997e-01                     1
   1635.6000  2.203374e+00  1.308849e-01                     1
   1636.0000  1.799515e+00  1.295225e-01                     1
   1636.4000  1.973601e+00  1.358876e-01                     1
   1636.8000  1.901457e+00  1.226801e-01                     1
   1637.2000  1.751369e+00  1.188032e-01                     1
   1637.6000  2.257527e+00  1.321279e-01                     1
   1638.0000  2.051290e+00  1.355465e-01                     1
   1638.4000  2.202511e+00  1.592104e-01                     1
   1638.8000  2.158432e+00  1.376397e-01                     1
   1639.2000  1.946709e+00  1.243657e-01                     1
   1639.6000  2.003827e+00  1.257621e-01                     1
   1640.0000  1.878159e+00  1.227318e-01                     1
   1640.4000  1.749935e+00  1.192595e-01                     1
   1640.8000  1.827963e+00  1.208220e-01                     1
   1641.2000  2.349264e+00  1.348311e-01                     1
   1641.6000  2.887696e+00  1.476196e-01                     1
   1642.0000  2.408480e+00  1.367506e-01                     1
   1642.4000  2.381944e+00  1.691725e-01                     1
   1642.8000  2.294778e+00  1.669760e-01                     1
   1643.2000  2.168831e+00  1.325773e-01                     1
   1643.6000  2.403196e+00  1.364630e-01                     1
   1644.0000  2.595071e+00  1.417196e-01                     1
   1644.4000  2.537704e+00  1.403003e-01                     1
   1644.8000  2.774666e+00  1.454691e-01                     1
   1645.2000  3.036256e+00  1.515574e-01                     1
   1645.6000  2.831415e+00  1.471621e-01                     1
   1646.0000  2.657999e+00  1.447688e-01                     0
   1646.4000  2.732763e+00  1.584773e-01                     0
   1646.8000  2.528596e+00  1.478597e-01                     0
   1647.2000  2.445379e+00  1.384068e-01                     0
   1647.6000  2.284376e+00  1.336719e-01                     0
   1648.0000  1.810119e+00  1.214382e-01                     0
   1648.4000  1.842975e+00  1.418492e-01                     0
   1648.8000  1.675919e+00  1.393210e-01                     0
   1649.2000  2.511232e+00  1.400563e-01                     0
   1649.6000  2.107936e+00  1.304347e-01                     0
   1650.0000  2.339805e+00  1.366293e-01                     0
   1650.4000  2.384433e+00  1.374022e-01                     0
   1650.8000  2.520378e+00  1.409683e-01                     0
   1651.2000  2.500791e+00  1.403582e-01                     0
   1651.6000  2.709634e+00  1.453324e-01                     1
   1652.0000  2.965879e+00  1.515753e-01                     1
   1652.4000  3.032695e+00  1.665711e-01                     1
   1652.8000  2.464456e+00  1.823037e-01                     1
   1653.2000  2.645439e+00  1.648627e-01                     1
   1653.6000  2.753205e+00  1.479434e-01                     1
   1654.0000  2.812589e+00  1.483499e-01                     1
   1654.4000  3.021013e+00  1.529003e-01                     1
   1654.8000  2.621439e+00  1.440269e-01                     1
   1655.2000  2.312040e+00  1.365596e-01                     1
   1655.6000  2.303357e+00  1.361806e-01                     1
   1656.0000  2.443834e+00  1.394191e-01                     1
   1656.4000  3.002009e+00  1.598745e-01                     1
   1656.8000  2.846547e+00  1.627097e-01                     1
   1657.2000  2.323158e+00  1.420110e-01                     1
   1657.6000  2.633489e+00  1.448241e-01                     1
   1658.0000  2.163435e+00  1.330518e-01                     1
   1658.4000  2.431518e+00  1.403641e-01                     1
   1658.8000  2.753247e+00  1.772007e-01                     1
   1659.2000  2.691141e+00  1.693045e-01                     1
   1659.6000  2.659307e+00  1.461323e-01                     1
   1660.0000  2.420362e+00  1.394763e-01                     1
   1660.4000  2.258163e+00  1.356835e-01                     1
   1660.8000  2.469745e+00  1.411233e-01                     1
   1661.2000  1.985595e+00  1.281940e-01                     1
   1661.6000  1.788886e+00  1.231960e-01                     1
   1662.0000  2.157281e+00  1.336325e-01                     1
   1662.4000  2.213510e+00  1.352063e-01                     1
   1662.8000  2.922642e+00  1.786311e-01                     1
   1663.2000  2.669689e+00  1.968876e-01                     1
   1663.6000  3.058087e+00  1.674679e-01                     1
   1664.0000  2.656646e+00  1.461847e-01                     1
   1664.4000  2.367325e+00  1.397457e-01                     1
   1664.8000  1.930202e+00  1.289469e-01                     1
   1665.2000  2.069005e+00  1.322027e-01                     1
   1665.6000  2.069165e+00  1.316903e-01                     1
   1666.0000  1.921634e+00  1.282608e-01                     1
   1666.4000  2.098762e+00  1.330432e-01                     1
   1666.8000  2.150319e+00  1.470586e-01                     1
   1667.2000  2.219582e+00  1.487693e-01                     1
   1667.6000  2.257807e+00  1.379283e-01                     1
   1668.0000  2.436287e+00  1.416818e-01                     1
   1668.4000  2.394555e+00  1.409582e-01                     1
   1668.8000  2.391946e+00  1.545120e-01                     0
   1669.2000  2.336842e+00  1.672785e-01                     0
   1669.6000  2.564589e+00  1.529338e-01                     0
   1670.0000  2.018032e+00  1.318132e-01                     0
   1670.4000  1.512438e+00  1.177719e-01                     0
   1670.8000  1.119917e+00  1.046179e-01                     0
   1671.2000  1.340230e+00  1.123208e-01                     0
   1671.6000  2.126642e+00  1.351601e-01                     0
   1672.0000  2.223834e+00  1.375207e-01                     0
   1672.4000  1.878758e+00  1.277062e-01                     0
   1672.8000  2.267861e+00  1.426662e-01                     0
   1673.2000  2.248908e+00  1.800464e-01                     0
   1673.6000  2.272951e+00  1.724238e-01                     0
   1674.0000  2.608826e+00  1.477461e-01                     0
   1674.4000  2.536893e+00  1.464209e-01                     0
   1674.8000  2.273977e+00  1.393660e-01                     0
   1675.2000  2.241588e+00  1.387289e-01                     0
   1675.6000  2.018130e+00  1.333382e-01                     0
   1676.0000  2.538092e+00  1.465024e-01                     0
   1676.4000  2.137861e+00  1.362593e-01                     0
   1676.8000  2.419542e+00  1.485653e-01                     0
   1677.2000  2.520074e+00  1.584285e-01                     0
   1677.6000  2.394191e+00  1.456963e-01                     0
   1678.0000  2.192074e+00  1.374070e-01                     0
   1678.4000  1.613348e+00  1.218540e-01                     0
   1678.8000  2.081640e+00  1.359187e-01                     0
   1679.2000  1.979101e+00  1.605576e-01                     0
   1679.6000  2.141760e+00  1.577989e-01                     0
   1680.0000  2.517562e+00  1.471273e-01                     0
   1680.4000  2.368373e+00  1.432269e-01                     1
   1680.8000  2.354605e+00  1.433575e-01                     1
   1681.2000  1.811184e+00  1.287882e-01                     1
   1681.6000  1.893996e+00  1.309623e-01                     1
   1682.0000  2.026740e+00  1.350553e-01                     1
   1682.4000  2.269304e+00  1.411867e-01                     1
   1682.8000  2.574647e+00  1.490645e-01                     1
   1683.2000  2.778244e+00  1.779394e-01                     1
   1683.6000  2.542764e+00  1.978310e-01                     1
   1684.0000  2.112853e+00  1.455603e-01                     1
   1684.4000  2.289722e+00  1.417476e-01                     1
   1684.8000  2.357895e+00  1.439955e-01                     1
   1685.2000  2.611054e+00  1.512512e-01                     1
   1685.6000  2.613381e+00  1.519474e-01                     1
   1686.0000  2.503822e+00  1.495660e-01                     1
   1686.4000  2.720951e+00  1.550183e-01                     1
   1686.8000  3.291054e+00  1.681048e-01                     1
   1687.2000  3.017488e+00  1.727290e-01                     1
   1687.6000  2.946165e+00  1.744991e-01                     1
   1688.0000  2.961868e+00  1.605288e-01                     1
   1688.4000  2.869559e+00  1.575851e-01                     1
   1688.8000  3.096191e+00  1.638927e-01                     1
   1689.2000  2.829338e+00  1.648816e-01                     1
   1689.6000  2.366701e+00  1.782901e-01                     1
   1690.0000  2.131558e+00  1.480193e-01                     1
   1690.4000  2.519856e+00  1.511702e-01                     1
   1690.8000  2.590595e+00  1.532547e-01                     1
   1691.2000  2.766547e+00  1.573014e-01                     1
   1691.6000  2.560792e+00  1.524440e-01                     1
   1692.0000  2.655685e+00  1.548524e-01                     1
   1692.4000  2.479022e+00  1.501543e-01                     1
   1692.8000  3.246086e+00  1.691432e-01                     1
   1693.2000  2.851380e+00  1.604332e-01                     1
   1693.6000  2.971890e+00  2.072466e-01                     1
   1694.0000  2.716589e+00  1.929726e-01                     1
   1694.4000  2.473055e+00  1.517185e-01                     1
   1694.8000  2.530779e+00  1.533826e-01                     1
   1695.2000  2.321363e+00  1.477142e-01                     1
   1695.6000  2.534727e+00  1.539702e-01                     1
   1696.0000  2.012248e+00  1.410335e-01                     1
   1696.4000  2.098618e+00  1.431028e-01                     1
   1696.8000  2.255857e+00  1.469987e-01                     1
   1697.2000  2.470055e+00  1.555291e-01                     1
   1697.6000  2.745356e+00  1.760061e-01                     1
   1698.0000  2.831718e+00  1.654672e-01                     1
   1698.4000  2.659165e+00  1.576679e-01                     1
   1698.8000  2.243654e+00  1.470084e-01                     1
   1699.2000  2.340055e+00  1.499008e-01                     1
   1699.6000  2.578580e+00  1.824975e-01                     1
   1700.0000  2.599965e+00  1.795522e-01                     1
   1700.4000  2.549567e+00  1.563198e-01                     1
   1700.8000  2.344800e+00  1.503504e-01                     1
   1701.2000  2.191532e+00  1.469305e-01                     1
   1701.6000  2.188084e+00  1.474694e-01                     1
   1702.0000  2.696493e+00  1.615100e-01                     1
   1702.4000  2.793711e+00  1.642182e-01                     1
   1702.8000  2.153142e+00  1.473762e-01                     1
   1703.2000  2.193926e+00  1.486626e-01                     1
   1703.6000  1.784947e+00  1.535394e-01                     1
   1704.0000  2.122388e+00  1.898395e-01                     1
   1704.4000  1.833476e+00  1.483515e-01                     1
   1704.8000  2.415760e+00  1.550177e-01                     1
   1705.2000  2.329682e+00  1.531071e-01                     1
   1705.6000  2.424467e+00  1.564396e-01                     1
   1706.0000  2.771886e+00  1.658118e-01                     1
   1706.4000  2.334033e+00  1.538935e-01                     1
   1706.8000  1.912966e+00  1.418425e-01                     1
   1707.2000  2.073905e+00  1.470118e-01                     1
   1707.6000  2.158194e+00  1.571202e-01                     1
   1708.0000  2.409195e+00  1.689370e-01                     1
   1708.4000  2.525995e+00  1.600918e-01                     1
   1708.8000  2.339679e+00  1.544686e-01                     1
   1709.2000  2.204257e+00  1.513226e-01                     1
   1709.6000  1.952895e+00  1.491691e-01                     1
   1710.0000  2.024489e+00  1.783998e-01                     1
   1710.4000  2.120834e+00  1.581852e-01                     1
   1710.8000  2.095901e+00  1.612612e-01                     1
   1711.2000  2.490602e+00  1.618388e-01                     1
   1711.6000  2.006895e+00  1.478268e-01                     1
   1712.0000  2.121589e+00  1.515367e-01                     1
   1712.4000  2.273629e+00  1.556876e-01                     1
   1712.8000  2.554845e+00  1.632238e-01                     1
   1713.2000  2.233604e+00  1.544877e-01                     1
   1713.6000  2.291130e+00  1.570540e-01                     1
   1714.0000  2.552872e+00  2.040216e-01                     1
   1714.4000  2.485688e+00  2.203421e-01                     1
   1714.8000  2.366624e+00  1.638264e-01                     1
   1715.2000  2.161371e+00  1.535424e-01                     1
   1715.6000  2.036907e+00  1.497688e-01                     1
   1716.0000  1.690840e+00  1.392520e-01                     1
   1716.4000  1.875709e+00  1.555041e-01                     1
   1716.8000  2.217808e+00  1.681124e-01                     1
   1717.2000  1.966490e+00  1.485018e-01                     1
   1717.6000  2.045577e+00  1.525595e-01                     1
   1718.0000  2.165893e+00  1.690423e-01                     1
   1718.4000  1.747474e+00  1.507883e-01                     1
   1718.8000  2.000552e+00  1.507391e-01                     1
   1719.2000  1.969302e+00  1.502924e-01                     1
   1719.6000  2.415972e+00  1.632280e-01                     1
   1720.0000  1.972265e+00  1.714873e-01                     1
   1720.4000  2.300752e+00  1.913026e-01                     1
   1720.8000  1.984550e+00  1.778690e-01                     1
   1721.2000  2.308579e+00  1.609382e-01                     1
   1721.6000  2.131923e+00  1.561778e-01                     1
   1722.0000  2.306133e+00  1.615894e-01                     1
   1722.4000  2.259615e+00  1.600658e-01                     1
   1722.8000  2.022176e+00  1.538098e-01                     1
   1723.2000  2.029744e+00  1.541062e-01                     1
   1723.6000  2.173036e+00  1.580570e-01                     1
   1724.0000  1.918050e+00  1.648237e-01                     1
   1724.4000  2.061425e+00  2.064969e-01                     1
   1724.8000  2.080244e+00  1.766960e-01                     1
   1725.2000  2.373250e+00  1.647197e-01                     1
   1725.6000  1.674599e+00  1.434683e-01                     1
   1726.0000  1.607674e+00  1.421132e-01                     1
   1726.4000  1.683439e+00  1.439521e-01                     1
   1726.8000  1.315733e+00  1.311205e-01                     1
   1727.2000  1.432190e+00  1.358086e-01                     1
   1727.6000  1.572838e+00  1.407069e-01                     1
   1728.0000  1.605890e+00  1.489710e-01                     1
   1728.4000  1.811423e+00  1.627449e-01                     1
   1728.8000  1.996077e+00  1.569811e-01                     1
   1729.2000  2.032040e+00  1.551024e-01                     1
   1729.6000  1.947075e+00  1.529983e-01                     1
   1730.0000  1.971464e+00  1.586741e-01                     1
   1730.4000  1.964232e+00  1.882654e-01                     1
   1730.8000  2.047601e+00  1.749315e-01                     1
   1731.2000  1.553968e+00  1.418456e-01                     1
   1731.6000  1.831698e+00  1.506676e-01                     1
   1732.0000  1.955524e+00  1.540682e-01                     1
   1732.4000  1.511789e+00  1.390823e-01                     1
   1732.8000  2.064867e+00  1.581825e-01                     1
   1733.2000  1.658165e+00  1.442532e-01                     1
   1733.6000  1.832543e+00  1.491838e-01                     1
   1734.0000  1.982006e+00  1.543327e-01                     1
   1734.4000  1.917953e+00  1.936678e-01                     1
   1734.8000  2.535392e+00  2.218928e-01                     1
   1735.2000  2.581491e+00  1.782107e-01                     1
   1735.6000  2.335599e+00  1.646482e-01                     1
   1736.0000  2.545970e+00  1.702363e-01                     1
   1736.4000  2.332200e+00  1.638726e-01                     1
   1736.8000  2.092171e+00  1.577406e-01                     1
   1737.2000  2.565010e+00  1.716912e-01                     1
   1737.6000  2.191071e+00  1.602831e-01                     1
   1738.0000  2.519908e+00  1.764000e-01                     1
   1738.4000  2.428219e+00  1.810312e-01                     1
   1738.8000  2.561529e+00  1.802757e-01                     1
   1739.2000  2.123182e+00  1.581375e-01                     1
   1739.6000  1.745823e+00  1.473746e-01                     1
   1740.0000  2.209801e+00  1.605926e-01                     1
   1740.4000  2.351051e+00  1.961102e-01                     1
   1740.8000  2.467922e+00  2.003950e-01                     1
   1741.2000  2.440951e+00  1.671300e-01                     1
   1741.6000  2.205716e+00  1.584399e-01                     1
   1742.0000  2.040618e+00  1.535374e-01                     1
   1742.4000  2.397113e+00  1.641143e-01                     1
   1742.8000  2.702359e+00  1.720915e-01                     1
   1743.2000  2.496714e+00  1.663378e-01                     1
   1743.6000  2.726398e+00  1.725767e-01                     1
   1744.0000  2.618952e+00  1.700151e-01                     1
   1744.4000  2.706640e+00  2.081433e-01                     1
   1744.8000  2.082394e+00  2.053401e-01                     1
   1745.2000  2.607533e+00  1.973158e-01                     1
   1745.6000  2.491214e+00  1.646066e-01                     1
   1746.0000  2.708643e+00  1.700852e-01                     1
   1746.4000  2.690123e+00  1.692732e-01                     1
   1746.8000  2.148865e+00  1.538199e-01                     1
   1747.2000  2.089626e+00  1.524651e-01                     1
   1747.6000  1.867021e+00  1.461780e-01                     1
   1748.0000  2.164518e+00  1.603389e-01                     1
   1748.4000  2.309827e+00  1.702879e-01                     1
   1748.8000  2.403918e+00  1.741050e-01                     1
   1749.2000  2.194497e+00  1.564535e-01                     1
   1749.6000  1.883925e+00  1.444029e-01                     1
   1750.0000  2.161800e+00  1.519925e-01                     0
   1750.4000  2.021436e+00  1.680872e-01                     0
   1750.8000  2.301915e+00  1.901802e-01                     0
   1751.2000  2.391950e+00  1.737746e-01                     0
   1751.6000  2.516587e+00  1.589877e-01                     0
   1752.0000  2.172415e+00  1.497364e-01                     0
   1752.4000  2.471464e+00  1.570986e-01                     0
   1752.8000  2.567844e+00  1.592496e-01                     0
   1753.2000  2.932749e+00  1.676039e-01                     0
   1753.6000  2.509514e+00  1.565611e-01                     0
   1754.0000  2.079790e+00  1.438787e-01                     0
   1754.4000  2.304273e+00  1.700441e-01                     0
   1754.8000  2.121380e+00  1.703518e-01                     0
   1755.2000  2.362841e+00  1.980536e-01                     0
   1755.6000  1.886002e+00  1.426455e-01                     0
   1756.0000  1.716535e+00  1.312802e-01                     0
   1756.4000  2.004337e+00  1.384870e-01                     0
   1756.8000  1.737851e+00  1.403473e-01                     0
   1757.2000  2.131557e+00  1.515676e-01                     0
   1757.6000  2.323115e+00  1.452984e-01                     0
   1758.0000  2.328907e+00  1.444414e-01                     0
   1758.4000  1.938896e+00  1.344224e-01                     0
   1758.8000  2.392481e+00  1.564097e-01                     0
   1759.2000  2.551874e+00  1.554253e-01                     0
   1759.6000  2.481537e+00  1.443123e-01                     0
   1760.0000  2.168179e+00  1.367301e-01                     0
   1760.4000  1.988456e+00  1.363414e-01                     0
   1760.8000  1.946381e+00  1.569821e-01                     0
   1761.2000  2.043688e+00  1.604801e-01                     0
   1761.6000  2.120554e+00  1.382993e-01                     0
   1762.0000  2.017463e+00  1.439974e-01                     0
   1762.4000  1.825642e+00  1.410214e-01                     0
   1762.8000  2.418579e+00  1.922886e-01                     0
   1763.2000  2.262311e+00  1.678273e-01                     0
   1763.6000  2.454460e+00  1.512860e-01                     0
   1764.0000  2.494334e+00  1.531063e-01                     0
   1764.4000  2.518191e+00  1.527353e-01                     0
   1764.8000  2.423282e+00  1.556794e-01                     0
   1765.2000  3.130474e+00  2.063979e-01                     0
   1765.6000  2.806781e+00  2.030643e-01                     0
   1766.0000  2.779180e+00  1.764785e-01                     0
   1766.4000  2.487274e+00  1.679503e-01                     0
   1766.8000  2.505179e+00  2.111218e-01                     0
   1767.2000  2.450126e+00  2.130673e-01                     0
   1767.6000  2.953164e+00  2.377000e-01                     0
   1768.0000  1.950660e+00  2.369431e-01                     0
   1768.4000  3.182658e+00  2.734799e-01                     0
   1768.8000  3.057764e+00  2.676211e-01                     0
