#Final resampeld spectrum with mask used for the fit
#
#Milky Way reddening already corrected
#
#Four columns
#1. lambda   2. flux   3. error   4. mask
#
   1136.0000  1.265656e+00  1.377817e-01                     0
   1136.4000  1.582506e+00  1.437688e-01                     0
   1136.8000  1.533687e+00  1.484811e-01                     0
   1137.2000  1.882985e+00  1.581556e-01                     0
   1137.6000  1.472782e+00  1.440057e-01                     0
   1138.0000  2.037909e+00  1.620390e-01                     0
   1138.4000  2.394740e+00  1.557665e-01                     0
   1138.8000  2.540693e+00  1.697747e-01                     0
   1139.2000  2.149544e+00  1.646486e-01                     0
   1139.6000  1.814959e+00  1.536336e-01                     0
   1140.0000  1.732712e+00  1.522222e-01                     0
   1140.4000  2.058292e+00  1.609430e-01                     0
   1140.8000  2.558629e+00  1.755967e-01                     0
   1141.2000  2.665001e+00  1.785433e-01                     0
   1141.6000  2.703314e+00  1.756432e-01                     0
   1142.0000  2.184975e+00  1.679347e-01                     0
   1142.4000  1.751147e+00  1.521075e-01                     0
   1142.8000  2.080444e+00  1.605642e-01                     0
   1143.2000  1.605352e+00  1.359330e-01                     0
   1143.6000  2.098294e+00  1.654768e-01                     0
   1144.0000  1.945036e+00  1.582380e-01                     0
   1144.4000  1.776761e+00  1.542810e-01                     0
   1144.8000  1.221028e+00  1.390095e-01                     0
   1145.2000  1.328191e+00  1.392830e-01                     0
   1145.6000  1.767739e+00  1.512284e-01                     0
   1146.0000  1.953335e+00  1.557664e-01                     0
   1146.4000  2.157180e+00  1.611625e-01                     0
   1146.8000  2.113909e+00  1.498003e-01                     0
   1147.2000  1.538429e+00  1.406042e-01                     0
   1147.6000  1.439770e+00  1.426922e-01                     0
   1148.0000  1.657412e+00  1.466089e-01                     1
   1148.4000  1.723484e+00  1.510096e-01                     1
   1148.8000  1.351511e+00  1.410133e-01                     1
   1149.2000  1.569027e+00  1.467461e-01                     1
   1149.6000  1.469680e+00  1.421926e-01                     1
   1150.0000  1.208035e+00  1.333633e-01                     1
   1150.4000  1.204341e+00  1.334392e-01                     1
   1150.8000  1.234054e+00  1.332393e-01                     1
   1151.2000  1.779250e+00  1.477995e-01                     1
   1151.6000  2.355232e+00  1.521205e-01                     1
   1152.0000  1.888219e+00  1.525627e-01                     1
   1152.4000  2.332120e+00  1.630663e-01                     1
   1152.8000  1.984234e+00  1.522854e-01                     1
   1153.2000  2.055280e+00  1.538024e-01                     1
   1153.6000  2.255876e+00  1.613534e-01                     1
   1154.0000  2.362545e+00  1.623372e-01                     1
   1154.4000  2.155505e+00  1.544949e-01                     1
   1154.8000  2.450975e+00  1.632039e-01                     1
   1155.2000  2.124569e+00  1.432955e-01                     1
   1155.6000  1.883629e+00  1.474619e-01                     1
   1156.0000  2.336972e+00  1.595322e-01                     1
   1156.4000  2.379207e+00  1.607831e-01                     1
   1156.8000  2.053378e+00  1.512546e-01                     1
   1157.2000  2.559928e+00  1.631553e-01                     1
   1157.6000  2.312625e+00  1.584323e-01                     1
   1158.0000  1.983682e+00  1.492405e-01                     1
   1158.4000  2.045854e+00  1.521533e-01                     1
   1158.8000  1.939709e+00  1.500506e-01                     1
   1159.2000  1.872497e+00  1.466515e-01                     1
   1159.6000  1.643839e+00  1.385024e-01                     1
   1160.0000  1.773627e+00  1.360292e-01                     1
   1160.4000  1.769698e+00  1.431040e-01                     1
   1160.8000  2.083931e+00  1.495062e-01                     1
   1161.2000  2.307269e+00  1.552805e-01                     1
   1161.6000  2.305237e+00  1.573696e-01                     1
   1162.0000  1.837778e+00  1.431075e-01                     1
   1162.4000  2.416857e+00  1.570707e-01                     1
   1162.8000  1.856468e+00  1.444946e-01                     1
   1163.2000  2.360000e+00  1.540391e-01                     1
   1163.6000  2.103150e+00  1.379726e-01                     1
   1164.0000  1.932732e+00  1.435226e-01                     1
   1164.4000  2.329037e+00  1.532700e-01                     1
   1164.8000  1.915657e+00  1.438989e-01                     1
   1165.2000  2.418518e+00  1.563103e-01                     1
   1165.6000  2.013539e+00  1.467454e-01                     1
   1166.0000  2.115250e+00  1.474115e-01                     1
   1166.4000  2.100166e+00  1.499850e-01                     1
   1166.8000  2.260446e+00  1.531306e-01                     1
   1167.2000  1.726846e+00  1.387177e-01                     1
   1167.6000  1.686605e+00  1.405316e-01                     1
   1168.0000  2.103129e+00  1.463522e-01                     1
   1168.4000  1.995914e+00  1.328445e-01                     1
   1168.8000  1.985829e+00  1.444444e-01                     1
   1169.2000  2.211017e+00  1.496198e-01                     1
   1169.6000  2.294322e+00  1.482325e-01                     1
   1170.0000  2.296954e+00  1.511229e-01                     1
   1170.4000  2.426598e+00  1.530784e-01                     1
   1170.8000  2.331692e+00  1.495374e-01                     1
   1171.2000  2.365881e+00  1.502302e-01                     1
   1171.6000  2.232681e+00  1.484434e-01                     1
   1172.0000  2.017826e+00  1.301234e-01                     1
   1172.4000  2.205172e+00  1.454915e-01                     1
   1172.8000  2.082644e+00  1.464363e-01                     1
   1173.2000  1.778389e+00  1.389652e-01                     1
   1173.6000  1.675534e+00  1.351936e-01                     1
   1174.0000  1.989784e+00  1.451775e-01                     1
   1174.4000  2.085960e+00  1.458142e-01                     1
   1174.8000  2.077256e+00  1.438374e-01                     1
   1175.2000  2.035207e+00  1.457171e-01                     1
   1175.6000  2.089790e+00  1.483393e-01                     1
   1176.0000  2.095579e+00  1.465762e-01                     1
   1176.4000  1.589128e+00  1.323490e-01                     1
   1176.8000  1.877197e+00  1.312285e-01                     1
   1177.2000  1.857903e+00  1.404146e-01                     1
   1177.6000  1.982857e+00  1.441405e-01                     1
   1178.0000  1.774830e+00  1.419929e-01                     1
   1178.4000  1.574135e+00  1.343209e-01                     1
   1178.8000  1.515108e+00  1.328304e-01                     1
   1179.2000  1.724452e+00  1.402868e-01                     1
   1179.6000  1.413413e+00  1.314506e-01                     1
   1180.0000  1.240616e+00  1.257888e-01                     1
   1180.4000  7.671835e-01  1.000764e-01                     1
   1180.8000  5.149005e-01  9.427698e-02                     1
   1181.2000  3.621557e-01  8.431757e-02                     1
   1181.6000  3.932344e-01  8.706588e-02                     1
   1182.0000  4.852844e-01  9.440308e-02                     1
   1182.4000  7.131222e-01  1.014820e-01                     1
   1182.8000  1.212640e+00  1.217938e-01                     1
   1183.2000  1.779429e+00  1.389258e-01                     0
   1183.6000  1.646037e+00  1.326626e-01                     0
   1184.0000  1.911711e+00  1.377604e-01                     0
   1184.4000  2.038923e+00  1.417431e-01                     0
   1184.8000  1.777555e+00  1.336005e-01                     0
   1185.2000  1.843534e+00  1.267355e-01                     0
   1185.6000  1.791296e+00  1.345585e-01                     0
   1186.0000  1.913144e+00  1.372726e-01                     0
   1186.4000  2.306637e+00  1.439958e-01                     0
   1186.8000  1.870379e+00  1.354553e-01                     0
   1187.2000  2.168802e+00  1.407285e-01                     0
   1187.6000  2.190260e+00  1.391983e-01                     0
   1188.0000  2.095002e+00  1.384712e-01                     0
   1188.4000  2.456456e+00  1.460234e-01                     0
   1188.8000  2.104166e+00  1.282429e-01                     0
   1189.2000  1.952739e+00  1.327947e-01                     0
   1189.6000  1.906085e+00  1.347258e-01                     0
   1190.0000  1.804432e+00  1.305306e-01                     0
   1190.4000  7.385288e-01  9.750131e-02                     0
   1190.8000  1.501333e+00  1.238788e-01                     0
   1191.2000  2.152888e+00  1.359455e-01                     0
   1191.6000  2.028610e+00  1.330049e-01                     0
   1192.0000  2.182799e+00  1.376158e-01                     0
   1192.4000  1.968562e+00  1.301428e-01                     0
   1192.8000  1.739865e+00  1.247793e-01                     0
   1193.2000  1.063370e+00  1.082328e-01                     0
   1193.6000  1.169360e+00  1.067247e-01                     0
   1194.0000  2.175729e+00  1.338143e-01                     0
   1194.4000  1.455188e+00  1.196530e-01                     0
   1194.8000  1.650091e+00  1.238960e-01                     0
   1195.2000  1.832364e+00  1.262056e-01                     0
   1195.6000  1.114146e+00  1.080197e-01                     0
   1196.0000  5.103902e-01  8.887175e-02                     0
   1196.4000  4.777574e-01  8.252157e-02                     0
   1196.8000  1.725658e+00  1.217635e-01                     0
   1197.2000  2.179556e+00  1.247326e-01                     0
   1197.6000  2.078351e+00  1.267290e-01                     0
   1198.0000  1.529762e+00  1.175302e-01                     0
   1198.4000  9.918282e-01  1.039384e-01                     0
   1198.8000  6.290211e-01  8.907740e-02                     0
   1199.2000  3.249660e-01  7.423839e-02                     0
   1199.6000  7.889709e-01  9.515954e-02                     0
   1200.0000  1.252059e+00  1.091174e-01                     0
   1200.4000  1.159231e+00  1.048759e-01                     0
   1200.8000  1.478748e+00  1.160885e-01                     0
   1201.2000  2.091141e+00  1.279834e-01                     0
   1201.6000  2.257053e+00  1.272733e-01                     0
   1202.0000  2.209087e+00  1.217663e-01                     0
   1202.4000  1.941558e+00  1.230357e-01                     0
   1202.8000  2.008774e+00  1.232844e-01                     0
   1203.2000  2.154297e+00  1.264301e-01                     0
   1203.6000  2.195460e+00  1.277648e-01                     0
   1204.0000  2.284619e+00  1.281730e-01                     0
   1204.4000  1.907525e+00  1.211571e-01                     0
   1204.8000  1.821075e+00  1.197161e-01                     0
   1205.2000  1.286007e+00  1.066347e-01                     0
   1205.6000  1.325796e+00  1.000150e-01                     0
   1206.0000  1.292036e+00  1.063838e-01                     0
   1206.4000  4.811527e-01  7.898843e-02                     0
   1206.8000  3.094742e-01  7.028037e-02                     0
   1207.2000  7.369591e-01  9.075135e-02                     0
   1207.6000  8.172680e-01  1.259927e-01                     0
   1208.0000  8.503537e-01  1.281808e-01                     0
   1208.4000  1.446685e+00  1.113394e-01                     0
   1208.8000  1.531280e+00  1.125432e-01                     0
   1209.2000  1.910922e+00  1.180423e-01                     0
   1209.6000  1.710432e+00  1.149371e-01                     0
   1210.0000  1.287090e+00  1.053481e-01                     0
   1210.4000  9.680367e-01  8.902602e-02                     0
   1210.8000  7.080938e-01  8.827128e-02                     0
   1211.2000  8.665952e-01  1.333108e-01                     0
   1211.6000  0.000000e+00  1.000000e+00                     0
   1212.0000  2.922112e-01  9.342947e-02                     0
   1212.4000  1.306034e-01  7.407575e-02                     0
   1212.8000  3.462790e-01  7.454240e-02                     0
   1213.2000  8.608451e-01  8.442524e-02                     0
   1213.6000  1.137905e+00  8.966340e-02                     0
   1214.0000  2.922741e+00  1.012784e-01                     0
   1214.4000  6.626881e+00  1.325376e-01                     0
   1214.8000  2.888547e+03  5.777093e+01                     0
   1215.2000  0.000000e+00  1.000000e+00                     0
   1215.6000  0.000000e+00  1.000000e+00                     0
   1216.0000  0.000000e+00  1.000000e+00                     0
   1216.4000  0.000000e+00  1.000000e+00                     0
   1216.8000  7.857838e+01  1.571568e+00                     0
   1217.2000  5.234971e+00  1.046994e-01                     0
   1217.6000  3.288323e+00  9.798100e-02                     0
   1218.0000  2.190726e+00  8.909053e-02                     0
   1218.4000  2.986954e+00  9.582407e-02                     0
   1218.8000  4.038178e+00  1.360183e-01                     0
   1219.2000  5.591372e+00  1.773585e-01                     0
   1219.6000  4.390959e+00  1.371448e-01                     0
   1220.0000  3.262156e+00  9.391110e-02                     0
   1220.4000  2.060139e+01  4.120277e-01                     0
   1220.8000  3.931771e+02  7.863542e+00                     0
   1221.2000  6.339493e+02  1.267899e+01                     0
   1221.6000  0.000000e+00  5.912302e-02                     0
   1222.0000  0.000000e+00  1.136784e-01                     0
   1222.4000  1.934756e+04  3.869512e+02                     0
   1222.8000  6.241913e+03  1.248383e+02                     0
   1223.2000  2.183925e+02  4.367851e+00                     0
   1223.6000  2.467351e+01  4.934703e-01                     0
   1224.0000  7.696431e+00  1.539286e-01                     0
   1224.4000  4.552810e+00  1.021376e-01                     0
   1224.8000  4.058892e+00  1.094057e-01                     0
   1225.2000  3.205910e+00  1.099414e-01                     0
   1225.6000  3.236093e+00  1.146483e-01                     0
   1226.0000  2.603018e+00  1.104575e-01                     0
   1226.4000  2.495119e+00  1.143219e-01                     0
   1226.8000  2.551602e+00  1.157403e-01                     0
   1227.2000  2.429463e+00  1.060681e-01                     0
   1227.6000  2.427082e+00  1.188851e-01                     0
   1228.0000  2.222223e+00  1.172649e-01                     0
   1228.4000  2.288239e+00  1.171933e-01                     0
   1228.8000  2.496971e+00  1.228573e-01                     0
   1229.2000  2.648150e+00  1.261182e-01                     0
   1229.6000  2.758972e+00  1.258898e-01                     0
   1230.0000  2.412885e+00  1.215474e-01                     0
   1230.4000  2.415540e+00  1.235922e-01                     0
   1230.8000  2.445463e+00  1.133722e-01                     0
   1231.2000  2.177771e+00  1.185288e-01                     1
   1231.6000  1.915331e+00  1.163292e-01                     1
   1232.0000  2.067132e+00  1.184802e-01                     1
   1232.4000  2.352187e+00  1.225016e-01                     1
   1232.8000  1.934640e+00  1.178559e-01                     1
   1233.2000  1.870027e+00  1.172532e-01                     1
   1233.6000  2.061170e+00  1.181713e-01                     1
   1234.0000  2.263195e+00  1.232428e-01                     1
   1234.4000  1.995836e+00  1.183320e-01                     1
   1234.8000  1.735323e+00  1.115279e-01                     1
   1235.2000  1.622165e+00  1.112666e-01                     1
   1235.6000  1.901970e+00  1.098446e-01                     1
   1236.0000  1.484534e+00  1.061031e-01                     1
   1236.4000  1.443192e+00  1.106188e-01                     1
   1236.8000  1.422786e+00  1.115729e-01                     1
   1237.2000  1.992986e+00  1.179164e-01                     1
   1237.6000  2.176312e+00  1.209833e-01                     1
   1238.0000  2.109673e+00  1.213206e-01                     1
   1238.4000  2.156337e+00  1.214183e-01                     1
   1238.8000  1.952110e+00  1.169848e-01                     1
   1239.2000  2.143508e+00  1.148474e-01                     1
   1239.6000  1.705340e+00  1.122463e-01                     1
   1240.0000  1.910014e+00  1.162468e-01                     1
   1240.4000  1.885645e+00  1.168606e-01                     1
   1240.8000  2.142800e+00  1.218012e-01                     1
   1241.2000  1.957406e+00  1.161007e-01                     1
   1241.6000  2.006486e+00  1.197421e-01                     1
   1242.0000  1.822301e+00  1.164682e-01                     1
   1242.4000  1.627802e+00  1.106267e-01                     1
   1242.8000  2.077764e+00  1.205886e-01                     1
   1243.2000  2.171196e+00  1.225394e-01                     1
   1243.6000  2.003746e+00  1.171395e-01                     1
   1244.0000  2.038520e+00  1.100339e-01                     1
   1244.4000  1.729889e+00  1.140628e-01                     1
   1244.8000  2.002048e+00  1.186513e-01                     1
   1245.2000  2.101892e+00  1.197013e-01                     1
   1245.6000  2.559867e+00  1.303369e-01                     1
   1246.0000  2.322264e+00  1.254692e-01                     1
   1246.4000  2.358370e+00  1.255321e-01                     1
   1246.8000  2.389272e+00  1.284506e-01                     1
   1247.2000  2.300571e+00  1.261504e-01                     1
   1247.6000  2.358715e+00  1.161666e-01                     1
   1248.0000  2.473663e+00  1.287390e-01                     1
   1248.4000  2.486421e+00  1.293852e-01                     1
   1248.8000  2.461512e+00  1.266142e-01                     1
   1249.2000  2.357987e+00  1.260344e-01                     1
   1249.6000  2.639850e+00  1.322961e-01                     1
   1250.0000  2.594636e+00  1.294394e-01                     1
   1250.4000  2.915021e+00  1.353685e-01                     1
   1250.8000  2.460744e+00  1.291537e-01                     1
   1251.2000  2.713358e+00  1.322883e-01                     1
   1251.6000  2.447539e+00  1.266462e-01                     1
   1252.0000  2.406446e+00  1.258654e-01                     1
   1252.4000  2.428066e+00  1.169261e-01                     1
   1252.8000  2.407654e+00  1.255228e-01                     1
   1253.2000  2.081497e+00  1.214473e-01                     1
   1253.6000  1.275403e+00  1.036630e-01                     1
   1254.0000  1.237213e+00  1.004435e-01                     1
   1254.4000  1.829380e+00  1.164892e-01                     1
   1254.8000  2.373930e+00  1.266262e-01                     1
   1255.2000  2.274597e+00  1.218020e-01                     1
   1255.6000  2.458348e+00  1.264861e-01                     1
   1256.0000  2.313555e+00  1.179381e-01                     0
   1256.4000  1.904172e+00  1.143522e-01                     0
   1256.8000  1.689631e+00  1.119855e-01                     0
   1257.2000  2.331178e+00  1.254546e-01                     0
   1257.6000  2.180113e+00  1.211457e-01                     1
   1258.0000  2.438667e+00  1.255818e-01                     1
   1258.4000  2.288743e+00  1.242251e-01                     0
   1258.8000  2.241530e+00  1.222805e-01                     0
   1259.2000  2.123403e+00  1.198765e-01                     0
   1259.6000  1.651140e+00  1.110641e-01                     0
   1260.0000  1.498874e+00  1.087942e-01                     0
   1260.4000  4.302069e-01  7.133141e-02                     0
   1260.8000  1.349438e+00  1.011079e-01                     0
   1261.2000  2.107968e+00  1.209810e-01                     0
   1261.6000  1.516952e+00  1.085310e-01                     0
   1262.0000  2.017256e+00  1.204024e-01                     0
   1262.4000  2.280259e+00  1.250356e-01                     0
   1262.8000  2.084510e+00  1.192826e-01                     1
   1263.2000  2.444033e+00  1.274898e-01                     1
   1263.6000  2.403034e+00  1.281101e-01                     1
   1264.0000  2.251002e+00  1.239820e-01                     0
   1264.4000  2.401008e+00  1.194679e-01                     0
   1264.8000  1.955554e+00  1.180448e-01                     0
   1265.2000  1.592453e+00  1.121689e-01                     0
   1265.6000  1.189566e+00  1.014487e-01                     0
   1266.0000  5.788744e-01  7.877005e-02                     0
   1266.4000  2.283713e-01  5.899399e-02                     0
   1266.8000  3.816633e-01  7.116360e-02                     0
   1267.2000  1.638268e+00  1.152795e-01                     0
   1267.6000  2.403639e+00  1.299789e-01                     0
   1268.0000  2.175316e+00  1.209155e-01                     0
   1268.4000  1.909585e+00  1.142274e-01                     0
   1268.8000  2.072609e+00  1.223888e-01                     0
   1269.2000  2.706118e+00  1.262622e-01                     0
   1269.6000  2.439960e+00  1.201584e-01                     0
   1270.0000  2.587144e+00  1.294821e-01                     0
   1270.4000  2.241658e+00  1.591739e-01                     0
   1270.8000  2.376276e+00  1.976647e-01                     0
   1271.2000  2.137724e+00  1.931290e-01                     0
   1271.6000  1.904758e+00  1.806470e-01                     0
   1272.0000  1.892565e+00  1.619663e-01                     0
   1272.4000  2.447473e+00  1.943509e-01                     0
   1272.8000  1.935205e+00  1.677092e-01                     0
   1273.2000  2.265292e+00  1.859841e-01                     0
   1273.6000  2.223159e+00  1.932296e-01                     0
   1274.0000  0.000000e+00  1.000000e+00                     0
   1274.4000  0.000000e+00  1.000000e+00                     0
   1274.8000  0.000000e+00  1.000000e+00                     0
   1275.2000  0.000000e+00  1.000000e+00                     0
   1275.6000  0.000000e+00  1.000000e+00                     0
   1276.0000  0.000000e+00  1.000000e+00                     0
   1276.4000  0.000000e+00  1.000000e+00                     0
   1276.8000  0.000000e+00  1.000000e+00                     0
   1277.2000  0.000000e+00  1.000000e+00                     0
   1277.6000  0.000000e+00  1.000000e+00                     0
   1278.0000  0.000000e+00  1.000000e+00                     0
   1278.4000  0.000000e+00  1.000000e+00                     0
   1278.8000  0.000000e+00  1.000000e+00                     0
   1279.2000  0.000000e+00  1.000000e+00                     0
   1279.6000  0.000000e+00  1.000000e+00                     0
   1280.0000  0.000000e+00  1.000000e+00                     0
   1280.4000  0.000000e+00  1.000000e+00                     0
   1280.8000  0.000000e+00  1.000000e+00                     0
   1281.2000  0.000000e+00  1.000000e+00                     0
   1281.6000  0.000000e+00  1.000000e+00                     0
   1282.0000  0.000000e+00  1.000000e+00                     0
   1282.4000  0.000000e+00  1.000000e+00                     0
   1282.8000  0.000000e+00  1.000000e+00                     0
   1283.2000  0.000000e+00  1.000000e+00                     0
   1283.6000  0.000000e+00  1.000000e+00                     0
   1284.0000  0.000000e+00  1.000000e+00                     0
   1284.4000  0.000000e+00  1.000000e+00                     0
   1284.8000  0.000000e+00  1.000000e+00                     0
   1285.2000  0.000000e+00  1.000000e+00                     0
   1285.6000  0.000000e+00  1.000000e+00                     0
   1286.0000  0.000000e+00  1.000000e+00                     0
   1286.4000  0.000000e+00  1.000000e+00                     0
   1286.8000  0.000000e+00  1.000000e+00                     0
   1287.2000  0.000000e+00  1.000000e+00                     0
   1287.6000  1.312249e+00  1.135491e-01                     0
   1288.0000  2.017080e+00  1.765807e-01                     0
   1288.4000  2.041883e+00  2.039974e-01                     0
   1288.8000  2.521977e+00  2.231739e-01                     0
   1289.2000  2.797030e+00  2.308479e-01                     0
   1289.6000  2.830617e+00  2.284076e-01                     0
   1290.0000  0.000000e+00  1.000000e+00                     0
   1290.4000  1.833914e+00  2.076969e-01                     0
   1290.8000  2.251809e+00  1.893857e-01                     0
   1291.2000  2.630197e+00  1.367957e-01                     0
   1291.6000  2.565037e+00  1.377454e-01                     0
   1292.0000  2.400835e+00  1.344802e-01                     0
   1292.4000  2.280838e+00  1.305213e-01                     0
   1292.8000  2.256028e+00  1.314742e-01                     0
   1293.2000  2.061436e+00  1.275441e-01                     1
   1293.6000  2.340392e+00  1.726693e-01                     1
   1294.0000  2.147020e+00  1.298754e-01                     1
   1294.4000  2.357529e+00  1.346583e-01                     1
   1294.8000  2.332750e+00  1.312175e-01                     1
   1295.2000  2.325927e+00  1.250888e-01                     1
   1295.6000  2.090738e+00  1.299714e-01                     1
   1296.0000  2.199272e+00  1.302421e-01                     1
   1296.4000  2.294291e+00  1.329313e-01                     1
   1296.8000  2.252453e+00  1.336137e-01                     1
   1297.2000  2.689800e+00  1.403197e-01                     1
   1297.6000  2.124591e+00  1.298087e-01                     1
   1298.0000  1.836539e+00  1.254580e-01                     1
   1298.4000  1.862975e+00  1.243816e-01                     1
   1298.8000  2.322582e+00  1.228282e-01                     1
   1299.2000  2.381113e+00  1.352223e-01                     0
   1299.6000  2.192130e+00  1.328846e-01                     0
   1300.0000  2.126316e+00  1.303715e-01                     0
   1300.4000  1.802338e+00  1.255693e-01                     0
   1300.8000  1.476234e+00  1.182707e-01                     0
   1301.2000  1.418671e+00  1.132146e-01                     0
   1301.6000  5.139041e+00  1.811500e-01                     0
   1302.0000  1.308014e+01  2.642850e-01                     0
   1302.4000  1.276094e+01  2.581115e-01                     0
   1302.8000  5.099772e+00  1.770851e-01                     0
   1303.2000  1.219687e+00  1.095771e-01                     0
   1303.6000  1.569076e+00  1.122771e-01                     0
   1304.0000  2.018702e+00  1.295802e-01                     0
   1304.4000  5.981584e+00  1.929636e-01                     0
   1304.8000  1.084349e+01  2.471134e-01                     0
   1305.2000  5.039308e+00  1.935764e-01                     0
   1305.6000  4.130841e+00  1.686012e-01                     0
   1306.0000  5.295354e+00  1.838589e-01                     0
   1306.4000  5.068158e+00  1.793873e-01                     0
   1306.8000  2.624013e+00  1.429762e-01                     0
   1307.2000  1.684300e+00  1.147769e-01                     0
   1307.6000  1.097936e+00  1.064037e-01                     0
   1308.0000  1.118475e+00  1.119904e-01                     0
   1308.4000  7.439238e-01  9.751040e-02                     0
   1308.8000  9.529999e-01  1.416808e-01                     0
   1309.2000  1.629425e+00  1.248008e-01                     0
   1309.6000  1.451466e+00  1.197833e-01                     0
   1310.0000  1.152258e+00  1.115788e-01                     0
   1310.4000  8.889331e-01  1.031052e-01                     0
   1310.8000  7.180096e-01  9.611434e-02                     0
   1311.2000  1.614253e+00  1.235736e-01                     0
   1311.6000  2.024372e+00  1.295118e-01                     1
   1312.0000  1.407460e+00  1.152230e-01                     1
   1312.4000  1.551683e+00  1.220357e-01                     1
   1312.8000  2.105066e+00  1.338644e-01                     1
   1313.2000  2.215762e+00  1.382193e-01                     1
   1313.6000  2.592776e+00  1.448203e-01                     1
   1314.0000  2.598107e+00  1.429622e-01                     0
   1314.4000  2.464547e+00  1.426350e-01                     0
   1314.8000  2.532414e+00  1.442432e-01                     0
   1315.2000  2.564959e+00  1.406015e-01                     0
   1315.6000  2.514807e+00  1.340349e-01                     0
   1316.0000  2.042577e+00  1.341504e-01                     0
   1316.4000  1.965459e+00  1.301932e-01                     0
   1316.8000  2.162309e+00  1.355137e-01                     1
   1317.2000  2.459874e+00  1.429595e-01                     1
   1317.6000  2.560654e+00  1.432903e-01                     1
   1318.0000  2.362875e+00  1.391602e-01                     1
   1318.4000  2.410977e+00  1.421667e-01                     1
   1318.8000  2.509367e+00  1.435258e-01                     1
   1319.2000  1.872820e+00  1.289534e-01                     1
   1319.6000  2.152039e+00  1.372692e-01                     1
   1320.0000  2.544929e+00  1.373613e-01                     1
   1320.4000  2.506602e+00  1.363460e-01                     1
   1320.8000  2.609854e+00  1.452142e-01                     1
   1321.2000  1.863235e+00  1.339117e-01                     1
   1321.6000  2.572589e+00  1.450529e-01                     1
   1322.0000  2.500412e+00  1.431976e-01                     1
   1322.4000  2.051911e+00  1.383535e-01                     1
   1322.8000  2.032388e+00  1.340497e-01                     1
   1323.2000  2.118651e+00  1.346277e-01                     1
   1323.6000  2.105428e+00  1.373742e-01                     1
   1324.0000  2.135617e+00  1.297381e-01                     1
   1324.4000  2.343040e+00  1.409043e-01                     1
   1324.8000  2.287350e+00  1.430635e-01                     1
   1325.2000  2.479846e+00  1.491863e-01                     1
   1325.6000  2.587378e+00  1.460948e-01                     1
   1326.0000  2.480668e+00  1.458932e-01                     1
   1326.4000  2.540257e+00  1.495577e-01                     1
   1326.8000  2.268009e+00  1.379141e-01                     1
   1327.2000  2.349913e+00  1.436501e-01                     1
   1327.6000  2.106984e+00  1.406309e-01                     1
   1328.0000  2.142279e+00  1.372023e-01                     1
   1328.4000  2.432269e+00  1.401088e-01                     1
   1328.8000  2.567206e+00  1.450542e-01                     1
   1329.2000  2.476271e+00  1.432109e-01                     1
   1329.6000  2.524330e+00  1.473759e-01                     1
   1330.0000  2.288866e+00  1.434270e-01                     1
   1330.4000  1.883036e+00  1.338636e-01                     1
   1330.8000  1.421073e+00  1.220482e-01                     1
   1331.2000  1.956066e+00  1.364310e-01                     1
   1331.6000  2.286481e+00  1.425357e-01                     0
   1332.0000  2.515175e+00  1.408257e-01                     0
   1332.4000  2.556537e+00  1.420373e-01                     0
   1332.8000  2.282009e+00  1.423969e-01                     0
   1333.2000  2.529902e+00  1.449027e-01                     0
   1333.6000  2.155873e+00  1.397920e-01                     0
   1334.0000  1.876963e+00  1.345890e-01                     0
   1334.4000  8.540554e-01  1.051030e-01                     0
   1334.8000  3.284275e-01  7.715502e-02                     0
   1335.2000  1.101811e+00  1.122986e-01                     0
   1335.6000  1.166776e+00  1.149347e-01                     0
   1336.0000  1.228552e+00  1.175484e-01                     0
   1336.4000  1.944360e+00  1.356545e-01                     0
   1336.8000  2.202565e+00  1.305455e-01                     0
   1337.2000  1.994422e+00  1.327491e-01                     0
   1337.6000  2.238722e+00  1.427306e-01                     0
   1338.0000  2.076614e+00  1.375085e-01                     0
   1338.4000  2.276194e+00  1.417725e-01                     0
   1338.8000  2.162520e+00  1.407568e-01                     0
   1339.2000  1.588545e+00  1.280986e-01                     0
   1339.6000  1.879552e+00  1.336348e-01                     0
   1340.0000  1.499895e+00  1.251612e-01                     0
   1340.4000  4.185402e-01  8.527501e-02                     0
   1340.8000  7.589645e-02  5.495920e-02                     0
   1341.2000  1.649853e-01  6.734877e-02                     0
   1341.6000  7.954788e-01  1.072528e-01                     0
   1342.0000  9.015093e-01  1.077811e-01                     0
   1342.4000  1.306473e+00  1.198378e-01                     0
   1342.8000  1.593552e+00  1.289147e-01                     0
   1343.2000  1.791167e+00  1.312724e-01                     0
   1343.6000  2.306151e+00  1.422318e-01                     0
   1344.0000  2.472913e+00  1.464519e-01                     1
   1344.4000  2.499299e+00  1.452571e-01                     1
   1344.8000  2.334671e+00  1.421121e-01                     1
   1345.2000  2.329055e+00  1.365724e-01                     1
   1345.6000  2.279097e+00  1.415570e-01                     1
   1346.0000  2.346858e+00  1.426066e-01                     1
   1346.4000  2.372017e+00  1.447872e-01                     1
   1346.8000  2.324456e+00  1.433494e-01                     1
   1347.2000  2.242408e+00  1.394047e-01                     1
   1347.6000  2.319837e+00  1.431726e-01                     1
   1348.0000  2.135403e+00  1.404642e-01                     1
   1348.4000  2.033729e+00  1.363805e-01                     1
   1348.8000  1.981324e+00  1.281465e-01                     1
   1349.2000  1.792534e+00  1.297192e-01                     1
   1349.6000  2.143673e+00  1.397610e-01                     1
   1350.0000  2.010710e+00  1.366260e-01                     1
   1350.4000  1.871724e+00  1.348070e-01                     1
   1350.8000  2.081111e+00  1.372128e-01                     1
   1351.2000  1.949667e+00  1.339954e-01                     1
   1351.6000  1.798405e+00  1.332308e-01                     1
   1352.0000  1.981292e+00  1.366864e-01                     1
   1352.4000  1.967408e+00  1.355205e-01                     1
   1352.8000  2.120654e+00  1.399299e-01                     1
   1353.2000  2.113885e+00  1.362523e-01                     1
   1353.6000  1.925583e+00  1.218868e-01                     1
   1354.0000  2.095219e+00  1.397961e-01                     1
   1354.4000  2.312379e+00  1.435430e-01                     1
   1354.8000  2.432695e+00  1.448828e-01                     1
   1355.2000  2.154966e+00  1.413535e-01                     1
   1355.6000  2.584778e+00  1.493372e-01                     1
   1356.0000  2.340595e+00  1.427834e-01                     1
   1356.4000  2.422790e+00  1.464959e-01                     1
   1356.8000  2.209451e+00  1.427622e-01                     1
   1357.2000  2.071776e+00  1.273656e-01                     1
   1357.6000  1.911461e+00  1.344821e-01                     1
   1358.0000  2.322153e+00  1.445916e-01                     1
   1358.4000  2.048770e+00  1.373483e-01                     1
   1358.8000  2.446525e+00  1.446947e-01                     1
   1359.2000  2.216147e+00  1.418672e-01                     1
   1359.6000  2.259096e+00  1.434051e-01                     1
   1360.0000  2.112740e+00  1.391411e-01                     1
   1360.4000  2.283124e+00  1.443997e-01                     1
   1360.8000  2.213691e+00  1.419311e-01                     1
   1361.2000  2.498791e+00  1.454121e-01                     1
   1361.6000  2.484488e+00  1.425134e-01                     1
   1362.0000  2.412992e+00  1.398999e-01                     1
   1362.4000  2.133873e+00  1.390738e-01                     1
   1362.8000  2.246855e+00  1.423093e-01                     1
   1363.2000  2.047975e+00  1.389751e-01                     1
   1363.6000  2.310486e+00  1.426053e-01                     1
   1364.0000  2.130566e+00  1.395587e-01                     1
   1364.4000  2.117164e+00  1.404775e-01                     1
   1364.8000  2.216826e+00  1.419257e-01                     1
   1365.2000  2.174601e+00  1.388644e-01                     1
   1365.6000  2.214408e+00  1.328938e-01                     1
   1366.0000  2.269434e+00  1.426175e-01                     1
   1366.4000  2.466008e+00  1.455031e-01                     1
   1366.8000  2.384601e+00  1.466986e-01                     1
   1367.2000  2.106730e+00  1.411743e-01                     1
   1367.6000  1.920595e+00  1.357414e-01                     1
   1368.0000  1.802289e+00  1.346656e-01                     1
   1368.4000  2.057555e+00  1.408772e-01                     1
   1368.8000  1.922703e+00  1.356360e-01                     1
   1369.2000  1.811663e+00  1.335280e-01                     1
   1369.6000  1.974914e+00  1.381559e-01                     1
   1370.0000  2.061283e+00  1.318390e-01                     1
   1370.4000  1.659012e+00  1.252841e-01                     1
   1370.8000  1.943130e+00  1.368727e-01                     1
   1371.2000  2.157858e+00  1.408964e-01                     1
   1371.6000  2.045033e+00  1.368049e-01                     1
   1372.0000  2.005717e+00  1.388629e-01                     1
   1372.4000  1.889937e+00  1.364970e-01                     1
   1372.8000  2.220961e+00  1.423379e-01                     1
   1373.2000  2.566702e+00  1.508431e-01                     1
   1373.6000  2.036610e+00  1.382776e-01                     1
   1374.0000  2.178493e+00  1.332363e-01                     1
   1374.4000  1.926939e+00  1.383359e-01                     1
   1374.8000  2.509706e+00  1.500903e-01                     1
   1375.2000  2.017939e+00  1.381913e-01                     1
   1375.6000  1.810811e+00  1.355140e-01                     1
   1376.0000  1.745549e+00  1.343688e-01                     1
   1376.4000  1.826771e+00  1.345451e-01                     1
   1376.8000  2.074757e+00  1.406494e-01                     1
   1377.2000  2.220306e+00  1.437499e-01                     1
   1377.6000  2.202643e+00  1.420382e-01                     1
   1378.0000  2.182705e+00  1.412029e-01                     1
   1378.4000  2.099504e+00  1.314773e-01                     1
   1378.8000  1.790076e+00  1.324117e-01                     1
   1379.2000  2.341748e+00  1.452551e-01                     1
   1379.6000  2.231873e+00  1.454260e-01                     1
   1380.0000  2.107015e+00  1.423275e-01                     1
   1380.4000  2.214124e+00  1.423863e-01                     1
   1380.8000  2.083197e+00  1.415816e-01                     1
   1381.2000  1.939503e+00  1.391649e-01                     1
   1381.6000  1.712385e+00  1.302026e-01                     1
   1382.0000  1.806268e+00  1.264901e-01                     1
   1382.4000  1.932083e+00  1.338768e-01                     1
   1382.8000  2.007208e+00  1.383899e-01                     1
   1383.2000  2.056215e+00  1.395322e-01                     1
   1383.6000  1.840066e+00  1.372561e-01                     1
   1384.0000  1.834810e+00  1.348693e-01                     1
   1384.4000  2.169133e+00  1.431054e-01                     1
   1384.8000  1.795545e+00  1.370035e-01                     1
   1385.2000  2.405412e+00  1.495340e-01                     1
   1385.6000  1.761184e+00  1.342145e-01                     1
   1386.0000  2.030320e+00  1.420412e-01                     1
   1386.4000  1.825673e+00  1.369417e-01                     1
   1386.8000  1.865455e+00  1.268010e-01                     1
   1387.2000  1.984617e+00  1.407875e-01                     1
   1387.6000  1.904079e+00  1.403346e-01                     1
   1388.0000  1.958097e+00  1.395401e-01                     1
   1388.4000  2.098848e+00  1.434312e-01                     1
   1388.8000  2.130377e+00  1.447966e-01                     1
   1389.2000  2.101355e+00  1.602753e-01                     1
   1389.6000  1.712646e+00  2.106452e-01                     1
   1390.0000  1.854287e+00  1.812236e-01                     1
   1390.4000  2.119107e+00  1.346827e-01                     1
   1390.8000  1.721348e+00  1.343065e-01                     1
   1391.2000  1.611205e+00  1.347170e-01                     1
   1391.6000  1.774416e+00  1.371596e-01                     1
   1392.0000  2.083076e+00  1.434881e-01                     1
   1392.4000  1.869277e+00  1.417427e-01                     1
   1392.8000  2.032787e+00  1.493854e-01                     1
   1393.2000  1.776408e+00  2.326496e-01                     1
   1393.6000  1.653409e+00  2.127223e-01                     1
   1394.0000  1.659980e+00  1.357014e-01                     1
   1394.4000  1.683491e+00  1.343178e-01                     1
   1394.8000  1.416602e+00  1.286371e-01                     1
   1395.2000  1.133517e+00  1.088476e-01                     1
   1395.6000  1.833249e+00  1.362910e-01                     1
   1396.0000  1.881361e+00  1.397395e-01                     1
   1396.4000  1.946945e+00  1.422166e-01                     1
   1396.8000  1.907958e+00  1.387888e-01                     1
   1397.2000  1.806366e+00  1.380261e-01                     0
   1397.6000  1.590035e+00  1.335889e-01                     0
   1398.0000  1.682855e+00  1.356329e-01                     0
   1398.4000  1.376561e+00  1.241596e-01                     0
   1398.8000  1.218448e+00  1.155941e-01                     0
   1399.2000  1.162866e+00  1.201952e-01                     0
   1399.6000  9.126364e-01  1.115427e-01                     0
   1400.0000  9.035937e-01  1.110691e-01                     0
   1400.4000  4.653512e-01  9.261875e-02                     0
   1400.8000  4.509446e-01  8.850106e-02                     0
   1401.2000  1.001459e+00  1.047938e-01                     0
   1401.6000  1.457827e+00  1.321296e-01                     0
   1402.0000  1.382429e+00  1.399321e-01                     1
   1402.4000  1.487240e+00  1.191874e-01                     1
   1402.8000  1.171076e+00  1.026062e-01                     1
   1403.2000  1.591090e+00  1.141367e-01                     1
   1403.6000  1.350719e+00  1.106372e-01                     1
   1404.0000  1.769667e+00  1.188083e-01                     1
   1404.4000  1.582422e+00  1.345528e-01                     1
   1404.8000  1.854407e+00  1.131021e-01                     1
   1405.2000  1.527455e+00  9.489920e-02                     1
   1405.6000  1.746168e+00  9.712654e-02                     1
   1406.0000  1.689001e+00  9.241297e-02                     1
   1406.4000  1.584125e+00  9.020782e-02                     1
   1406.8000  1.616894e+00  8.206742e-02                     1
   1407.2000  1.587323e+00  8.072981e-02                     1
   1407.6000  1.694738e+00  8.710959e-02                     1
   1408.0000  1.573646e+00  8.498595e-02                     0
   1408.4000  1.372910e+00  8.156420e-02                     0
   1408.8000  1.057755e+00  7.243359e-02                     0
   1409.2000  1.043337e+00  6.976433e-02                     0
   1409.6000  7.701201e-01  6.498545e-02                     0
   1410.0000  1.113229e+00  7.331751e-02                     0
   1410.4000  1.297308e+00  7.872911e-02                     0
   1410.8000  1.462454e+00  7.570665e-02                     1
   1411.2000  1.816900e+00  1.003763e-01                     1
   1411.6000  1.725330e+00  1.154668e-01                     1
   1412.0000  1.955459e+00  7.930456e-02                     1
   1412.4000  1.800133e+00  8.064702e-02                     1
   1412.8000  1.765821e+00  7.840262e-02                     1
   1413.2000  1.681493e+00  8.072255e-02                     1
   1413.6000  1.912619e+00  8.235134e-02                     1
   1414.0000  2.092367e+00  8.413222e-02                     1
   1414.4000  1.834239e+00  8.349109e-02                     1
   1414.8000  1.765330e+00  9.622075e-02                     1
   1415.2000  1.848186e+00  1.257868e-01                     1
   1415.6000  1.813035e+00  8.975754e-02                     1
   1416.0000  1.513901e+00  7.552568e-02                     1
   1416.4000  1.565820e+00  7.653612e-02                     1
   1416.8000  1.697196e+00  7.735539e-02                     1
   1417.2000  1.460567e+00  7.253931e-02                     1
   1417.6000  1.767278e+00  7.834801e-02                     1
   1418.0000  1.962671e+00  8.008137e-02                     1
   1418.4000  1.714798e+00  7.981689e-02                     1
   1418.8000  1.865737e+00  7.957529e-02                     1
   1419.2000  1.659772e+00  7.679524e-02                     1
   1419.6000  1.710397e+00  8.195398e-02                     1
   1420.0000  1.799071e+00  7.686350e-02                     1
   1420.4000  1.708477e+00  7.802945e-02                     1
   1420.8000  1.856001e+00  8.278750e-02                     1
   1421.2000  1.491921e+00  9.244093e-02                     1
   1421.6000  1.756131e+00  1.140252e-01                     1
   1422.0000  1.610657e+00  1.002294e-01                     1
   1422.4000  1.657454e+00  8.741264e-02                     1
   1422.8000  1.547141e+00  7.675163e-02                     1
   1423.2000  1.672582e+00  7.827736e-02                     1
   1423.6000  1.651898e+00  7.417916e-02                     1
   1424.0000  1.502730e+00  7.361679e-02                     1
   1424.4000  1.396917e+00  7.380739e-02                     1
   1424.8000  1.298584e+00  8.122652e-02                     1
   1425.2000  1.518893e+00  7.889044e-02                     1
   1425.6000  1.783623e+00  7.915008e-02                     1
   1426.0000  1.811279e+00  7.259484e-02                     1
   1426.4000  1.801944e+00  1.227239e-01                     1
   1426.8000  1.654121e+00  1.077493e-01                     1
   1427.2000  1.639890e+00  1.131540e-01                     1
   1427.6000  1.761962e+00  1.097788e-01                     1
   1428.0000  1.671236e+00  1.154899e-01                     1
   1428.4000  1.886001e+00  1.176034e-01                     1
   1428.8000  1.646702e+00  1.127232e-01                     1
   1429.2000  1.679613e+00  7.868432e-02                     1
   1429.6000  1.426871e+00  6.667705e-02                     1
   1430.0000  1.682676e+00  7.204185e-02                     1
   1430.4000  1.879516e+00  7.589203e-02                     1
   1430.8000  1.843073e+00  8.322130e-02                     1
   1431.2000  1.490091e+00  7.958943e-02                     1
   1431.6000  1.591192e+00  7.113466e-02                     1
   1432.0000  1.705370e+00  7.338553e-02                     1
   1432.4000  1.713537e+00  7.355148e-02                     1
   1432.8000  1.798121e+00  7.567611e-02                     1
   1433.2000  1.649805e+00  7.298129e-02                     1
   1433.6000  1.509914e+00  7.019697e-02                     1
   1434.0000  1.593267e+00  7.215568e-02                     1
   1434.4000  1.774801e+00  7.623104e-02                     1
   1434.8000  1.339583e+00  7.357530e-02                     1
   1435.2000  1.565698e+00  8.241308e-02                     1
   1435.6000  1.716453e+00  8.658422e-02                     1
   1436.0000  1.559799e+00  8.178940e-02                     1
   1436.4000  1.567625e+00  7.323321e-02                     1
   1436.8000  1.826270e+00  7.907121e-02                     1
   1437.2000  1.679561e+00  7.653363e-02                     1
   1437.6000  1.745827e+00  7.822278e-02                     1
   1438.0000  1.561009e+00  7.471045e-02                     1
   1438.4000  1.611504e+00  7.613696e-02                     1
   1438.8000  1.722617e+00  7.864587e-02                     1
   1439.2000  1.699137e+00  8.987921e-02                     1
   1439.6000  1.780955e+00  8.736581e-02                     1
   1440.0000  1.725486e+00  7.989752e-02                     1
   1440.4000  1.653473e+00  7.830116e-02                     1
   1440.8000  1.651720e+00  7.853258e-02                     1
   1441.2000  1.712712e+00  8.822167e-02                     1
   1441.6000  1.604284e+00  8.879478e-02                     1
   1442.0000  1.662730e+00  8.004884e-02                     1
   1442.4000  1.722488e+00  8.201427e-02                     1
   1442.8000  1.645568e+00  8.071383e-02                     1
   1443.2000  1.592097e+00  7.964040e-02                     1
   1443.6000  1.648232e+00  8.135314e-02                     1
   1444.0000  1.701325e+00  8.297194e-02                     1
   1444.4000  1.800754e+00  8.520504e-02                     1
   1444.8000  1.845944e+00  8.657990e-02                     1
   1445.2000  1.747852e+00  9.291245e-02                     1
   1445.6000  1.624771e+00  9.868809e-02                     1
   1446.0000  1.694552e+00  9.736736e-02                     1
   1446.4000  1.727970e+00  9.344595e-02                     1
   1446.8000  1.847891e+00  8.847999e-02                     1
   1447.2000  1.904513e+00  8.976315e-02                     1
   1447.6000  2.118765e+00  9.494593e-02                     1
   1448.0000  1.921660e+00  9.125638e-02                     1
   1448.4000  2.057723e+00  9.441313e-02                     1
   1448.8000  1.824637e+00  8.973133e-02                     1
   1449.2000  1.554349e+00  8.920143e-02                     1
   1449.6000  1.830420e+00  1.053622e-01                     1
   1450.0000  1.773988e+00  9.725468e-02                     1
   1450.4000  1.759368e+00  9.000344e-02                     1
   1450.8000  1.887621e+00  9.354802e-02                     1
   1451.2000  1.809519e+00  9.192432e-02                     1
   1451.6000  1.834456e+00  1.066356e-01                     1
   1452.0000  1.752439e+00  1.049324e-01                     1
   1452.4000  1.661390e+00  8.936165e-02                     1
   1452.8000  1.845489e+00  9.403205e-02                     1
   1453.2000  1.907515e+00  9.617968e-02                     1
   1453.6000  1.708550e+00  9.216846e-02                     1
   1454.0000  1.816367e+00  9.467488e-02                     1
   1454.4000  1.730411e+00  9.274279e-02                     1
   1454.8000  1.760594e+00  9.408517e-02                     1
   1455.2000  1.763694e+00  9.442036e-02                     1
   1455.6000  1.741921e+00  1.081569e-01                     1
   1456.0000  2.117206e+00  1.248589e-01                     1
   1456.4000  1.840106e+00  1.121706e-01                     1
   1456.8000  1.903305e+00  1.049001e-01                     1
   1457.2000  1.714611e+00  9.490084e-02                     1
   1457.6000  1.776697e+00  9.704726e-02                     1
   1458.0000  1.750635e+00  9.650940e-02                     1
   1458.4000  1.980247e+00  1.022557e-01                     1
   1458.8000  1.910427e+00  1.011079e-01                     1
   1459.2000  1.792391e+00  9.848727e-02                     1
   1459.6000  1.901027e+00  1.090273e-01                     1
   1460.0000  1.891701e+00  1.172567e-01                     1
   1460.4000  1.860686e+00  1.051301e-01                     1
   1460.8000  2.095726e+00  1.066653e-01                     1
   1461.2000  1.862716e+00  1.015429e-01                     1
   1461.6000  1.721547e+00  1.011939e-01                     1
   1462.0000  1.630157e+00  1.111502e-01                     1
   1462.4000  1.518378e+00  1.021135e-01                     1
   1462.8000  1.723124e+00  9.952999e-02                     1
   1463.2000  1.841726e+00  1.028935e-01                     1
   1463.6000  1.796209e+00  1.016024e-01                     1
   1464.0000  1.774928e+00  1.012920e-01                     1
   1464.4000  1.817086e+00  1.027133e-01                     1
   1464.8000  1.887627e+00  1.046581e-01                     1
   1465.2000  1.914139e+00  1.055832e-01                     1
   1465.6000  1.876092e+00  1.082193e-01                     1
   1466.0000  1.903083e+00  1.215849e-01                     1
   1466.4000  1.806329e+00  1.208082e-01                     1
   1466.8000  1.906232e+00  1.222974e-01                     1
   1467.2000  1.850920e+00  1.072473e-01                     1
   1467.6000  1.669223e+00  1.008056e-01                     1
   1468.0000  1.629687e+00  1.001468e-01                     1
   1468.4000  1.776785e+00  1.044363e-01                     1
   1468.8000  1.846799e+00  1.062116e-01                     1
   1469.2000  1.950263e+00  1.086306e-01                     1
   1469.6000  1.832359e+00  1.060728e-01                     1
   1470.0000  1.931778e+00  1.171883e-01                     1
   1470.4000  1.864692e+00  1.222108e-01                     1
   1470.8000  1.850800e+00  1.069597e-01                     1
   1471.2000  1.817474e+00  1.064500e-01                     1
   1471.6000  1.790239e+00  1.053600e-01                     1
   1472.0000  1.896589e+00  1.118918e-01                     1
   1472.4000  1.636506e+00  1.176342e-01                     1
   1472.8000  1.666376e+00  1.090470e-01                     1
   1473.2000  1.574162e+00  1.001322e-01                     1
   1473.6000  1.510119e+00  9.861608e-02                     1
   1474.0000  1.593697e+00  1.011219e-01                     1
   1474.4000  1.527511e+00  9.916380e-02                     1
   1474.8000  1.523921e+00  9.914965e-02                     1
   1475.2000  1.568958e+00  1.008832e-01                     1
   1475.6000  1.700295e+00  1.046412e-01                     1
   1476.0000  1.452340e+00  1.008699e-01                     1
   1476.4000  1.702496e+00  1.191523e-01                     1
   1476.8000  1.657154e+00  1.236057e-01                     1
   1477.2000  1.691052e+00  1.186877e-01                     1
   1477.6000  1.777030e+00  1.069912e-01                     1
   1478.0000  1.575869e+00  1.014012e-01                     1
   1478.4000  1.755506e+00  1.062125e-01                     1
   1478.8000  1.764964e+00  1.066924e-01                     1
   1479.2000  1.652867e+00  1.039577e-01                     1
   1479.6000  1.732312e+00  1.060363e-01                     1
   1480.0000  1.743493e+00  1.061169e-01                     1
   1480.4000  1.571207e+00  1.153310e-01                     1
   1480.8000  1.349578e+00  1.053296e-01                     1
   1481.2000  1.696282e+00  1.049411e-01                     1
   1481.6000  1.693216e+00  1.047230e-01                     1
   1482.0000  1.829062e+00  1.085571e-01                     1
   1482.4000  1.848468e+00  1.170179e-01                     1
   1482.8000  1.712084e+00  1.192971e-01                     1
   1483.2000  1.603250e+00  1.053101e-01                     1
   1483.6000  1.707530e+00  1.052947e-01                     1
   1484.0000  1.510935e+00  9.932682e-02                     1
   1484.4000  1.535520e+00  9.973080e-02                     1
   1484.8000  1.701440e+00  1.046205e-01                     1
   1485.2000  1.642971e+00  1.032398e-01                     1
   1485.6000  1.680366e+00  1.039899e-01                     1
   1486.0000  1.627191e+00  1.030105e-01                     1
   1486.4000  1.728609e+00  1.154806e-01                     1
   1486.8000  1.819773e+00  1.221794e-01                     1
   1487.2000  1.670071e+00  1.195938e-01                     1
   1487.6000  1.779927e+00  1.206322e-01                     1
   1488.0000  1.763450e+00  1.055532e-01                     1
   1488.4000  1.654839e+00  1.022824e-01                     1
   1488.8000  1.595225e+00  1.009092e-01                     1
   1489.2000  1.758478e+00  1.052519e-01                     1
   1489.6000  1.664184e+00  1.021825e-01                     1
   1490.0000  1.561332e+00  9.943337e-02                     1
   1490.4000  1.477216e+00  9.720372e-02                     1
   1490.8000  1.536886e+00  1.137773e-01                     1
   1491.2000  1.467101e+00  1.076874e-01                     1
   1491.6000  1.512107e+00  9.764559e-02                     1
   1492.0000  1.500970e+00  9.687953e-02                     1
   1492.4000  1.344326e+00  9.240386e-02                     1
   1492.8000  1.514678e+00  1.074469e-01                     1
   1493.2000  1.463689e+00  1.096725e-01                     1
   1493.6000  1.620950e+00  1.020237e-01                     1
   1494.0000  1.542407e+00  9.732145e-02                     1
   1494.4000  1.695612e+00  1.012715e-01                     1
   1494.8000  1.706980e+00  1.011238e-01                     1
   1495.2000  1.869644e+00  1.051366e-01                     1
   1495.6000  1.930866e+00  1.067844e-01                     1
   1496.0000  2.051381e+00  1.092911e-01                     1
   1496.4000  1.814065e+00  1.028558e-01                     1
   1496.8000  1.651968e+00  1.092023e-01                     1
   1497.2000  1.646843e+00  1.121184e-01                     1
   1497.6000  1.574545e+00  1.152736e-01                     1
   1498.0000  1.595684e+00  1.029633e-01                     1
   1498.4000  1.732163e+00  1.001553e-01                     1
   1498.8000  1.662282e+00  9.809384e-02                     1
   1499.2000  1.863658e+00  1.204622e-01                     1
   1499.6000  1.775031e+00  1.184151e-01                     1
   1500.0000  1.743204e+00  1.169848e-01                     1
   1500.4000  1.619040e+00  1.121779e-01                     1
   1500.8000  1.624415e+00  1.002882e-01                     1
   1501.2000  1.457275e+00  1.063605e-01                     1
   1501.6000  1.381266e+00  1.046281e-01                     1
   1502.0000  1.411436e+00  8.989804e-02                     1
   1502.4000  1.534986e+00  9.391941e-02                     1
   1502.8000  1.386189e+00  1.052450e-01                     1
   1503.2000  1.566292e+00  1.276377e-01                     1
   1503.6000  1.968141e+00  1.623428e-01                     1
   1504.0000  1.556876e+00  1.398167e-01                     1
   1504.4000  1.713164e+00  1.161274e-01                     1
   1504.8000  1.721720e+00  1.401971e-01                     1
   1505.2000  1.858537e+00  1.449957e-01                     1
   1505.6000  1.835918e+00  1.157828e-01                     1
   1506.0000  1.601436e+00  1.084774e-01                     1
   1506.4000  1.400082e+00  9.314130e-02                     1
   1506.8000  1.465094e+00  8.883764e-02                     1
   1507.2000  1.554164e+00  1.307395e-01                     1
   1507.6000  1.229356e+00  1.177605e-01                     1
   1508.0000  1.471260e+00  1.256385e-01                     1
   1508.4000  1.589235e+00  1.144029e-01                     1
   1508.8000  1.226650e+00  9.067186e-02                     1
   1509.2000  1.276021e+00  1.012014e-01                     1
   1509.6000  1.259837e+00  1.217958e-01                     1
   1510.0000  1.417410e+00  1.267566e-01                     1
   1510.4000  1.631084e+00  1.173513e-01                     1
   1510.8000  1.518737e+00  9.696519e-02                     1
   1511.2000  1.574412e+00  1.018684e-01                     1
   1511.6000  1.599715e+00  1.027380e-01                     1
   1512.0000  1.647977e+00  9.483392e-02                     1
   1512.4000  1.358777e+00  8.331603e-02                     1
   1512.8000  1.360122e+00  8.294258e-02                     1
   1513.2000  1.416690e+00  8.565217e-02                     1
   1513.6000  1.514619e+00  1.209800e-01                     1
   1514.0000  1.660281e+00  1.187615e-01                     1
   1514.4000  1.666486e+00  1.046864e-01                     1
   1514.8000  1.775288e+00  1.005120e-01                     1
   1515.2000  1.706813e+00  9.037680e-02                     1
   1515.6000  1.737047e+00  9.068289e-02                     1
   1516.0000  1.822671e+00  9.286668e-02                     1
   1516.4000  1.594741e+00  8.717007e-02                     1
   1516.8000  1.670217e+00  8.844540e-02                     1
   1517.2000  1.746132e+00  9.035327e-02                     1
   1517.6000  1.715662e+00  1.014328e-01                     1
   1518.0000  1.673717e+00  1.084127e-01                     1
   1518.4000  1.537159e+00  9.663730e-02                     1
   1518.8000  1.467321e+00  8.318242e-02                     1
   1519.2000  1.216849e+00  7.622769e-02                     1
   1519.6000  1.336609e+00  7.942107e-02                     1
   1520.0000  1.492953e+00  8.341320e-02                     1
   1520.4000  1.185214e+00  7.542177e-02                     1
   1520.8000  1.354228e+00  7.904529e-02                     1
   1521.2000  1.228165e+00  7.569018e-02                     1
   1521.6000  1.463858e+00  9.114940e-02                     1
   1522.0000  1.552408e+00  9.473042e-02                     1
   1522.4000  1.516149e+00  8.238628e-02                     1
   1522.8000  1.557912e+00  8.347961e-02                     1
   1523.2000  1.293353e+00  7.702361e-02                     1
   1523.6000  1.462212e+00  8.452021e-02                     1
   1524.0000  1.591071e+00  9.586992e-02                     1
   1524.4000  1.365813e+00  8.209092e-02                     1
   1524.8000  1.162239e+00  7.294660e-02                     0
   1525.2000  1.327473e+00  7.800199e-02                     0
   1525.6000  1.394295e+00  7.943099e-02                     0
   1526.0000  1.424214e+00  7.959266e-02                     0
   1526.4000  1.123339e+00  7.093705e-02                     0
   1526.8000  6.762704e-01  5.857035e-02                     0
   1527.2000  1.167021e+00  7.258483e-02                     0
   1527.6000  1.273330e+00  7.882917e-02                     0
   1528.0000  1.350295e+00  8.840485e-02                     0
   1528.4000  1.370229e+00  8.690815e-02                     0
   1528.8000  1.571681e+00  9.164780e-02                     1
   1529.2000  1.840265e+00  8.788031e-02                     1
   1529.6000  1.466519e+00  7.968809e-02                     1
   1530.0000  1.783902e+00  8.561556e-02                     1
   1530.4000  1.639975e+00  8.197896e-02                     1
   1530.8000  1.664999e+00  8.338142e-02                     1
   1531.2000  1.573024e+00  8.130777e-02                     1
   1531.6000  1.517995e+00  7.999117e-02                     0
   1532.0000  1.458618e+00  8.481503e-02                     0
   1532.4000  1.274732e+00  8.141070e-02                     0
   1532.8000  1.079656e+00  6.854550e-02                     0
   1533.2000  9.416700e-01  6.460949e-02                     0
   1533.6000  7.596093e-01  5.965332e-02                     0
   1534.0000  5.216357e-01  5.326381e-02                     0
   1534.4000  4.110253e-01  5.416800e-02                     0
   1534.8000  9.197249e-01  6.545893e-02                     0
   1535.2000  1.119255e+00  6.961062e-02                     0
   1535.6000  1.299547e+00  7.352961e-02                     0
   1536.0000  1.735692e+00  8.257829e-02                     1
   1536.4000  1.480573e+00  7.707242e-02                     1
   1536.8000  1.479938e+00  7.697234e-02                     1
   1537.2000  1.400315e+00  7.487791e-02                     1
   1537.6000  1.328838e+00  7.328533e-02                     1
   1538.0000  1.361975e+00  7.571948e-02                     1
   1538.4000  1.264048e+00  8.216916e-02                     1
   1538.8000  1.296801e+00  8.415137e-02                     1
   1539.2000  8.903564e-01  6.699797e-02                     1
   1539.6000  1.214474e+00  7.021771e-02                     1
   1540.0000  1.160519e+00  6.847658e-02                     1
   1540.4000  1.313322e+00  7.202871e-02                     1
   1540.8000  1.336898e+00  7.268416e-02                     1
   1541.2000  1.231044e+00  6.980774e-02                     1
   1541.6000  1.219715e+00  6.989058e-02                     1
   1542.0000  1.154248e+00  6.863260e-02                     1
   1542.4000  1.212869e+00  8.016265e-02                     1
   1542.8000  1.540490e+00  8.141763e-02                     1
   1543.2000  1.346276e+00  7.286193e-02                     1
   1543.6000  1.308893e+00  7.174125e-02                     1
   1544.0000  1.099841e+00  6.669652e-02                     1
   1544.4000  1.386196e+00  8.000353e-02                     1
   1544.8000  1.247941e+00  8.000325e-02                     1
   1545.2000  1.232948e+00  6.974222e-02                     1
   1545.6000  1.061757e+00  6.571391e-02                     1
   1546.0000  1.057497e+00  6.579437e-02                     1
   1546.4000  1.037986e+00  6.534443e-02                     1
   1546.8000  9.180668e-01  6.207127e-02                     1
   1547.2000  9.942207e-01  6.410245e-02                     1
   1547.6000  1.110485e+00  6.698255e-02                     1
   1548.0000  6.952757e-01  5.593050e-02                     1
   1548.4000  6.420577e-01  6.011451e-02                     1
   1548.8000  9.246544e-01  7.131819e-02                     1
   1549.2000  1.136548e+00  7.662444e-02                     1
   1549.6000  9.958714e-01  6.809128e-02                     1
   1550.0000  8.021602e-01  5.869891e-02                     1
   1550.4000  1.034654e+00  6.488265e-02                     1
   1550.8000  7.048156e-01  5.577364e-02                     1
   1551.2000  8.080678e-01  5.878025e-02                     1
   1551.6000  8.900125e-01  6.120580e-02                     1
   1552.0000  9.771919e-01  6.316022e-02                     1
   1552.4000  9.322599e-01  6.462376e-02                     1
   1552.8000  1.046078e+00  7.546643e-02                     1
   1553.2000  9.409893e-01  6.488916e-02                     1
   1553.6000  8.855958e-01  6.096013e-02                     1
   1554.0000  8.512811e-01  6.048923e-02                     0
   1554.4000  6.623492e-01  5.504447e-02                     0
   1554.8000  5.656622e-01  5.814781e-02                     0
   1555.2000  4.585686e-01  5.435750e-02                     0
   1555.6000  4.492266e-01  4.828441e-02                     0
   1556.0000  5.187757e-01  5.071683e-02                     0
   1556.4000  7.925336e-01  5.846058e-02                     0
   1556.8000  1.248263e+00  7.021198e-02                     1
   1557.2000  1.033665e+00  6.504510e-02                     0
   1557.6000  7.467369e-01  5.729533e-02                     0
   1558.0000  7.733175e-01  5.844875e-02                     0
   1558.4000  7.695204e-01  5.835327e-02                     0
   1558.8000  8.392332e-01  6.763758e-02                     0
   1559.2000  1.283990e+00  7.901883e-02                     1
   1559.6000  1.134611e+00  7.913452e-02                     1
   1560.0000  1.447748e+00  7.880606e-02                     1
   1560.4000  1.450429e+00  7.466581e-02                     1
   1560.8000  1.395410e+00  7.374898e-02                     1
   1561.2000  1.458288e+00  7.524761e-02                     1
   1561.6000  1.391066e+00  7.350539e-02                     1
   1562.0000  1.780742e+00  8.167024e-02                     1
   1562.4000  1.581939e+00  7.805151e-02                     1
   1562.8000  1.314441e+00  7.396146e-02                     1
   1563.2000  1.333435e+00  8.298332e-02                     1
   1563.6000  1.260396e+00  7.255125e-02                     1
   1564.0000  1.441865e+00  7.535901e-02                     1
   1564.4000  1.398974e+00  7.410978e-02                     1
   1564.8000  1.165030e+00  6.880127e-02                     1
   1565.2000  1.433860e+00  8.330174e-02                     1
   1565.6000  1.510534e+00  8.561185e-02                     1
   1566.0000  1.438227e+00  7.566764e-02                     1
   1566.4000  1.286365e+00  7.263537e-02                     1
   1566.8000  1.182418e+00  7.029129e-02                     1
   1567.2000  1.157561e+00  6.950211e-02                     1
   1567.6000  1.268607e+00  7.215991e-02                     1
   1568.0000  1.128226e+00  6.900876e-02                     1
   1568.4000  1.352713e+00  7.430847e-02                     1
   1568.8000  1.117025e+00  6.892587e-02                     1
   1569.2000  1.133046e+00  7.710132e-02                     1
   1569.6000  1.209426e+00  8.191233e-02                     1
   1570.0000  1.322466e+00  8.315968e-02                     1
   1570.4000  1.312731e+00  7.446839e-02                     1
   1570.8000  1.347076e+00  7.441461e-02                     1
   1571.2000  8.814874e-01  6.280352e-02                     1
   1571.6000  1.246204e+00  8.610418e-02                     1
   1572.0000  1.154297e+00  8.347453e-02                     0
   1572.4000  1.117148e+00  8.309588e-02                     0
   1572.8000  1.269476e+00  8.708106e-02                     0
   1573.2000  1.151079e+00  9.227230e-02                     0
   1573.6000  1.272222e+00  1.043262e-01                     0
   1574.0000  1.498052e+00  9.331914e-02                     0
   1574.4000  1.283564e+00  8.820155e-02                     0
   1574.8000  1.180361e+00  8.851796e-02                     0
   1575.2000  1.436633e+00  1.186028e-01                     0
   1575.6000  1.300721e+00  1.500673e-01                     0
   1576.0000  1.343213e+00  1.356786e-01                     0
   1576.4000  1.614431e+00  1.248272e-01                     0
   1576.8000  1.359442e+00  1.172031e-01                     0
   1577.2000  1.082441e+00  1.564958e-01                     0
   1577.6000  1.462549e+00  1.928535e-01                     0
   1578.0000  1.323286e+00  1.876874e-01                     0
   1578.4000  1.347208e+00  1.900102e-01                     0
   1578.8000  1.147942e+00  1.827894e-01                     0
   1579.2000  1.223666e+00  1.862240e-01                     0
   1579.6000  1.358213e+00  3.773814e-01                     0
   1580.0000  1.255260e+00  3.059137e-01                     0
   1580.4000  1.472221e+00  1.972988e-01                     0
   1580.8000  1.339475e+00  1.911859e-01                     0
   1581.2000  7.803908e-01  1.671736e-01                     0
   1581.6000  0.000000e+00  1.286501e-01                     0
   1582.0000  0.000000e+00  1.294025e-01                     0
   1582.4000  0.000000e+00  1.304106e-01                     0
   1582.8000  0.000000e+00  1.318890e-01                     0
   1583.2000  0.000000e+00  1.328881e-01                     0
   1583.6000  0.000000e+00  1.336629e-01                     0
   1584.0000  0.000000e+00  1.351803e-01                     0
   1584.4000  0.000000e+00  1.364339e-01                     0
   1584.8000  0.000000e+00  1.372037e-01                     0
   1585.2000  0.000000e+00  1.384717e-01                     0
   1585.6000  0.000000e+00  1.400254e-01                     0
   1586.0000  0.000000e+00  1.410692e-01                     0
   1586.4000  0.000000e+00  1.420944e-01                     0
   1586.8000  0.000000e+00  1.439143e-01                     0
   1587.2000  0.000000e+00  1.452295e-01                     0
   1587.6000  0.000000e+00  1.460300e-01                     0
   1588.0000  0.000000e+00  1.476243e-01                     0
   1588.4000  0.000000e+00  1.492329e-01                     0
   1588.8000  0.000000e+00  1.503112e-01                     0
   1589.2000  0.000000e+00  1.516528e-01                     0
   1589.6000  0.000000e+00  1.535856e-01                     0
   1590.0000  0.000000e+00  1.549832e-01                     0
   1590.4000  0.000000e+00  1.560629e-01                     0
   1590.8000  0.000000e+00  1.580079e-01                     0
   1591.2000  0.000000e+00  1.596984e-01                     0
   1591.6000  0.000000e+00  1.608428e-01                     0
   1592.0000  7.029033e-01  2.021529e-01                     0
   1592.4000  1.158602e+00  2.258068e-01                     0
   1592.8000  1.897550e+00  2.584054e-01                     0
   1593.2000  1.153395e+00  2.288024e-01                     0
   1593.6000  9.502481e-01  2.210788e-01                     0
   1594.0000  1.438668e+00  2.432085e-01                     0
   1594.4000  1.702290e+00  2.534099e-01                     0
   1594.8000  1.329409e+00  2.379495e-01                     0
   1595.2000  1.938261e+00  3.669635e-01                     0
   1595.6000  1.615124e+00  2.701657e-01                     0
   1596.0000  1.655926e+00  1.568410e-01                     0
   1596.4000  1.365287e+00  1.485638e-01                     0
   1596.8000  1.378713e+00  1.497762e-01                     0
   1597.2000  1.451809e+00  1.519688e-01                     1
   1597.6000  1.601097e+00  1.539109e-01                     1
   1598.0000  1.371198e+00  1.162905e-01                     1
   1598.4000  1.405175e+00  1.176853e-01                     1
   1598.8000  1.871223e+00  1.426756e-01                     1
   1599.2000  1.104016e+00  1.188924e-01                     1
   1599.6000  1.256996e+00  1.210530e-01                     1
   1600.0000  1.343170e+00  1.170551e-01                     1
   1600.4000  1.179996e+00  1.118976e-01                     1
   1600.8000  1.304821e+00  1.165169e-01                     1
   1601.2000  1.493166e+00  1.348013e-01                     1
   1601.6000  1.236974e+00  1.277743e-01                     1
   1602.0000  1.277104e+00  1.101730e-01                     0
   1602.4000  1.206602e+00  9.595069e-02                     0
   1602.8000  9.560422e-01  9.216788e-02                     0
   1603.2000  1.142799e+00  9.784324e-02                     0
   1603.6000  1.114235e+00  9.449742e-02                     0
   1604.0000  1.244550e+00  9.840691e-02                     0
   1604.4000  1.447956e+00  1.038997e-01                     0
   1604.8000  1.514690e+00  1.061713e-01                     0
   1605.2000  1.407338e+00  1.383724e-01                     0
   1605.6000  1.298004e+00  1.144320e-01                     0
   1606.0000  1.370444e+00  1.027517e-01                     0
   1606.4000  1.184312e+00  9.753666e-02                     0
   1606.8000  1.581456e+00  1.081189e-01                     0
   1607.2000  1.514239e+00  1.106844e-01                     0
   1607.6000  1.808579e+00  1.326206e-01                     0
   1608.0000  1.344759e+00  1.105261e-01                     0
   1608.4000  8.576107e-01  8.909247e-02                     0
   1608.8000  1.097352e+00  9.730685e-02                     0
   1609.2000  9.847030e-01  1.012190e-01                     0
   1609.6000  1.195204e+00  9.977516e-02                     0
   1610.0000  1.016750e+00  9.382756e-02                     0
   1610.4000  1.299218e+00  1.022205e-01                     1
   1610.8000  1.337444e+00  1.028875e-01                     1
   1611.2000  1.079526e+00  1.005387e-01                     1
   1611.6000  1.380893e+00  1.232931e-01                     1
   1612.0000  1.332094e+00  1.299028e-01                     1
   1612.4000  1.440085e+00  1.165584e-01                     1
   1612.8000  1.240537e+00  1.020756e-01                     1
   1613.2000  1.345756e+00  1.053232e-01                     1
   1613.6000  1.288580e+00  1.036990e-01                     1
   1614.0000  1.122052e+00  1.075520e-01                     1
   1614.4000  1.208113e+00  1.026987e-01                     0
   1614.8000  1.335023e+00  1.067977e-01                     0
   1615.2000  1.273785e+00  1.084561e-01                     0
   1615.6000  1.322601e+00  1.199407e-01                     0
   1616.0000  1.003731e+00  1.006565e-01                     0
   1616.4000  8.077162e-01  8.970755e-02                     0
   1616.8000  1.030327e+00  9.799052e-02                     0
   1617.2000  1.209342e+00  1.044351e-01                     0
   1617.6000  1.281147e+00  1.243455e-01                     1
   1618.0000  1.329905e+00  1.207435e-01                     1
   1618.4000  1.375064e+00  1.092624e-01                     1
   1618.8000  1.078047e+00  1.000715e-01                     1
   1619.2000  1.090456e+00  1.008777e-01                     0
   1619.6000  9.053600e-01  9.993046e-02                     0
   1620.0000  6.742929e-01  9.137045e-02                     0
   1620.4000  1.141106e+00  1.043210e-01                     0
   1620.8000  1.152567e+00  1.047163e-01                     0
   1621.2000  1.505970e+00  1.147489e-01                     1
   1621.6000  1.423774e+00  1.236437e-01                     1
   1622.0000  1.226969e+00  1.274743e-01                     1
   1622.4000  1.407784e+00  1.301952e-01                     1
   1622.8000  1.351557e+00  1.161617e-01                     1
   1623.2000  1.250175e+00  1.079025e-01                     1
   1623.6000  1.447565e+00  1.198842e-01                     1
   1624.0000  1.897235e+00  1.305708e-01                     1
   1624.4000  1.675140e+00  1.212939e-01                     1
   1624.8000  1.457864e+00  1.158945e-01                     1
   1625.2000  1.256785e+00  1.108790e-01                     1
   1625.6000  1.238134e+00  1.202668e-01                     1
   1626.0000  1.498597e+00  1.311073e-01                     1
   1626.4000  1.371986e+00  1.163737e-01                     1
   1626.8000  1.727762e+00  1.240795e-01                     1
   1627.2000  1.251364e+00  1.101737e-01                     1
   1627.6000  1.592279e+00  1.224758e-01                     1
   1628.0000  1.383118e+00  1.311408e-01                     1
   1628.4000  1.228406e+00  1.228071e-01                     1
   1628.8000  1.277308e+00  1.130411e-01                     1
   1629.2000  1.139219e+00  1.091682e-01                     1
   1629.6000  1.237457e+00  1.120243e-01                     1
   1630.0000  1.283640e+00  1.125080e-01                     1
   1630.4000  1.133494e+00  1.082228e-01                     1
   1630.8000  1.261998e+00  1.133359e-01                     1
   1631.2000  1.348925e+00  1.158089e-01                     1
   1631.6000  1.207467e+00  1.142003e-01                     1
   1632.0000  1.444468e+00  1.352337e-01                     1
   1632.4000  1.879403e+00  1.630070e-01                     1
   1632.8000  1.468625e+00  1.326777e-01                     1
   1633.2000  1.484931e+00  1.204011e-01                     1
   1633.6000  1.677829e+00  1.264872e-01                     1
   1634.0000  1.209826e+00  1.122469e-01                     1
   1634.4000  1.187087e+00  1.119799e-01                     1
   1634.8000  1.209306e+00  1.136236e-01                     1
   1635.2000  1.476939e+00  1.222650e-01                     1
   1635.6000  1.351302e+00  1.184601e-01                     1
   1636.0000  1.580239e+00  1.419696e-01                     1
   1636.4000  1.258049e+00  1.282434e-01                     1
   1636.8000  1.188908e+00  1.136698e-01                     1
   1637.2000  1.523289e+00  1.245630e-01                     1
   1637.6000  1.184269e+00  1.136099e-01                     1
   1638.0000  1.365816e+00  1.246791e-01                     1
   1638.4000  1.245808e+00  1.315666e-01                     1
   1638.8000  1.653043e+00  1.326725e-01                     1
   1639.2000  1.228810e+00  1.157502e-01                     1
   1639.6000  1.508285e+00  1.250130e-01                     1
   1640.0000  1.241140e+00  1.171507e-01                     1
   1640.4000  1.062498e+00  1.107981e-01                     1
   1640.8000  1.193901e+00  1.155061e-01                     1
   1641.2000  1.284876e+00  1.204066e-01                     1
   1641.6000  1.364565e+00  1.234495e-01                     1
   1642.0000  1.617292e+00  1.376912e-01                     1
   1642.4000  1.048828e+00  1.347207e-01                     1
   1642.8000  1.281064e+00  1.440273e-01                     1
   1643.2000  1.517884e+00  1.352495e-01                     1
   1643.6000  1.381262e+00  1.231001e-01                     1
   1644.0000  1.394272e+00  1.241219e-01                     1
   1644.4000  1.332295e+00  1.219956e-01                     1
   1644.8000  1.488271e+00  1.268455e-01                     1
   1645.2000  1.601202e+00  1.301047e-01                     1
   1645.6000  1.359219e+00  1.227924e-01                     1
   1646.0000  1.286021e+00  1.245462e-01                     1
   1646.4000  1.617810e+00  1.499184e-01                     0
   1646.8000  1.436819e+00  1.305116e-01                     0
   1647.2000  1.538518e+00  1.300833e-01                     0
   1647.6000  1.374702e+00  1.252474e-01                     0
   1648.0000  1.017494e+00  1.128380e-01                     0
   1648.4000  1.025786e+00  1.275015e-01                     0
   1648.8000  1.181600e+00  1.325113e-01                     0
   1649.2000  1.380437e+00  1.260634e-01                     0
   1649.6000  1.508177e+00  1.308266e-01                     0
   1650.0000  1.653802e+00  1.351113e-01                     0
   1650.4000  1.549921e+00  1.317552e-01                     0
   1650.8000  1.494954e+00  1.305779e-01                     0
   1651.2000  1.679046e+00  1.378929e-01                     0
   1651.6000  1.417135e+00  1.289937e-01                     0
   1652.0000  1.478354e+00  1.309707e-01                     1
   1652.4000  1.526245e+00  1.495217e-01                     1
   1652.8000  1.490267e+00  1.616437e-01                     1
   1653.2000  1.302889e+00  1.435750e-01                     1
   1653.6000  1.427832e+00  1.326606e-01                     1
   1654.0000  1.493639e+00  1.312522e-01                     1
   1654.4000  1.720960e+00  1.385484e-01                     1
   1654.8000  1.604342e+00  1.358141e-01                     1
   1655.2000  1.704834e+00  1.393191e-01                     1
   1655.6000  1.209706e+00  1.219130e-01                     1
   1656.0000  1.553080e+00  1.331054e-01                     1
   1656.4000  1.483345e+00  1.460144e-01                     1
   1656.8000  1.777426e+00  1.623922e-01                     1
   1657.2000  1.548322e+00  1.379838e-01                     1
   1657.6000  1.564767e+00  1.359808e-01                     1
   1658.0000  1.459663e+00  1.327034e-01                     1
   1658.4000  1.738802e+00  1.430347e-01                     1
   1658.8000  1.280447e+00  1.454315e-01                     1
   1659.2000  1.530793e+00  1.500408e-01                     1
   1659.6000  1.259462e+00  1.263221e-01                     1
   1660.0000  1.721866e+00  1.407323e-01                     1
   1660.4000  1.272093e+00  1.268196e-01                     1
   1660.8000  1.619853e+00  1.380039e-01                     1
   1661.2000  1.344736e+00  1.288802e-01                     1
   1661.6000  1.041743e+00  1.187181e-01                     1
   1662.0000  1.406102e+00  1.319316e-01                     1
   1662.4000  1.327520e+00  1.308401e-01                     1
   1662.8000  1.815759e+00  1.647365e-01                     1
   1663.2000  1.780386e+00  1.816890e-01                     1
   1663.6000  1.354267e+00  1.464431e-01                     1
   1664.0000  1.478442e+00  1.339115e-01                     1
   1664.4000  1.381183e+00  1.308580e-01                     1
   1664.8000  1.367288e+00  1.308281e-01                     1
   1665.2000  1.011698e+00  1.183929e-01                     1
   1665.6000  1.060276e+00  1.206129e-01                     1
   1666.0000  1.257821e+00  1.284087e-01                     1
   1666.4000  1.544655e+00  1.388360e-01                     1
   1666.8000  1.071913e+00  1.401202e-01                     1
   1667.2000  1.404330e+00  1.477736e-01                     1
   1667.6000  1.431881e+00  1.356734e-01                     1
   1668.0000  1.202180e+00  1.269140e-01                     1
   1668.4000  1.206189e+00  1.266375e-01                     1
   1668.8000  1.483789e+00  1.477309e-01                     0
   1669.2000  1.228008e+00  1.466626e-01                     0
   1669.6000  1.552974e+00  1.430195e-01                     0
   1670.0000  1.082187e+00  1.231727e-01                     0
   1670.4000  1.087742e+00  1.236912e-01                     0
   1670.8000  4.413876e-01  9.688698e-02                     0
   1671.2000  8.997299e-01  1.170191e-01                     0
   1671.6000  1.208959e+00  1.288215e-01                     0
   1672.0000  1.534448e+00  1.398751e-01                     0
   1672.4000  1.105665e+00  1.251405e-01                     0
   1672.8000  1.270786e+00  1.437724e-01                     0
   1673.2000  1.431510e+00  1.727696e-01                     0
   1673.6000  1.633408e+00  1.716514e-01                     0
   1674.0000  1.570227e+00  1.435612e-01                     0
   1674.4000  1.654728e+00  1.451698e-01                     0
   1674.8000  1.520719e+00  1.407761e-01                     0
   1675.2000  1.621873e+00  1.445707e-01                     0
   1675.6000  1.466720e+00  1.395054e-01                     0
   1676.0000  1.270198e+00  1.337977e-01                     0
   1676.4000  1.356133e+00  1.358987e-01                     0
   1676.8000  1.623808e+00  1.582746e-01                     0
   1677.2000  1.477219e+00  1.606377e-01                     0
   1677.6000  1.316226e+00  1.350521e-01                     0
   1678.0000  9.605067e-01  1.215648e-01                     0
   1678.4000  7.889235e-01  1.150300e-01                     0
   1678.8000  3.227392e-01  9.561127e-02                     0
   1679.2000  3.302896e-01  1.105917e-01                     0
   1679.6000  1.171367e+00  1.425877e-01                     0
   1680.0000  1.511171e+00  1.417492e-01                     0
   1680.4000  1.462803e+00  1.401503e-01                     0
   1680.8000  1.424659e+00  1.402772e-01                     1
   1681.2000  1.279436e+00  1.355419e-01                     1
   1681.6000  1.091908e+00  1.282127e-01                     1
   1682.0000  1.263663e+00  1.344632e-01                     1
   1682.4000  1.429133e+00  1.409278e-01                     1
   1682.8000  1.555996e+00  1.480521e-01                     1
   1683.2000  1.640967e+00  1.668856e-01                     1
   1683.6000  1.524990e+00  1.748158e-01                     1
   1684.0000  1.207345e+00  1.468883e-01                     1
   1684.4000  1.492212e+00  1.427464e-01                     1
   1684.8000  1.185835e+00  1.328400e-01                     1
   1685.2000  1.326224e+00  1.387154e-01                     1
   1685.6000  1.537276e+00  1.452913e-01                     1
   1686.0000  1.512435e+00  1.449965e-01                     1
   1686.4000  1.655878e+00  1.499540e-01                     1
   1686.8000  1.771153e+00  1.545918e-01                     1
   1687.2000  1.532485e+00  1.661872e-01                     1
   1687.6000  1.590933e+00  1.649359e-01                     1
   1688.0000  1.767301e+00  1.545842e-01                     1
   1688.4000  1.736912e+00  1.522694e-01                     1
   1688.8000  1.742120e+00  1.526830e-01                     1
   1689.2000  1.633908e+00  1.576434e-01                     1
   1689.6000  1.435703e+00  1.650467e-01                     1
   1690.0000  1.419539e+00  1.479994e-01                     1
   1690.4000  1.668754e+00  1.528551e-01                     1
   1690.8000  1.243817e+00  1.386748e-01                     1
   1691.2000  1.340899e+00  1.409207e-01                     1
   1691.6000  1.541804e+00  1.490007e-01                     1
   1692.0000  1.450136e+00  1.454767e-01                     1
   1692.4000  1.572835e+00  1.499878e-01                     1
   1692.8000  1.500308e+00  1.477502e-01                     1
   1693.2000  1.847649e+00  1.695294e-01                     1
   1693.6000  1.469484e+00  1.788420e-01                     1
   1694.0000  1.603006e+00  1.801068e-01                     1
   1694.4000  1.480069e+00  1.493080e-01                     1
   1694.8000  1.474653e+00  1.476587e-01                     1
   1695.2000  1.467006e+00  1.467945e-01                     1
   1695.6000  1.447904e+00  1.460449e-01                     1
   1696.0000  1.314437e+00  1.422558e-01                     1
   1696.4000  1.428707e+00  1.470290e-01                     1
   1696.8000  1.323773e+00  1.422147e-01                     1
   1697.2000  1.437347e+00  1.567891e-01                     1
   1697.6000  1.475997e+00  1.710253e-01                     1
   1698.0000  1.546104e+00  1.507524e-01                     1
   1698.4000  1.566497e+00  1.510952e-01                     1
   1698.8000  1.482468e+00  1.492823e-01                     1
   1699.2000  1.346023e+00  1.446947e-01                     1
   1699.6000  1.692122e+00  1.787452e-01                     1
   1700.0000  1.383699e+00  1.629803e-01                     1
   1700.4000  1.222585e+00  1.409821e-01                     1
   1700.8000  1.287178e+00  1.442272e-01                     1
   1701.2000  1.150697e+00  1.396611e-01                     1
   1701.6000  1.461594e+00  1.505467e-01                     1
   1702.0000  1.414718e+00  1.480117e-01                     1
   1702.4000  1.395073e+00  1.476567e-01                     1
   1702.8000  1.392895e+00  1.486159e-01                     1
   1703.2000  1.138367e+00  1.393432e-01                     1
   1703.6000  1.088920e+00  1.566986e-01                     1
   1704.0000  1.041355e+00  1.662044e-01                     1
   1704.4000  1.018179e+00  1.551291e-01                     1
   1704.8000  1.395297e+00  1.501887e-01                     1
   1705.2000  1.498036e+00  1.543161e-01                     1
   1705.6000  1.626420e+00  1.594050e-01                     1
   1706.0000  1.697619e+00  1.611462e-01                     1
   1706.4000  1.098221e+00  1.392330e-01                     1
   1706.8000  1.357243e+00  1.492521e-01                     1
   1707.2000  1.263102e+00  1.468863e-01                     1
   1707.6000  1.631300e+00  1.797313e-01                     1
   1708.0000  1.421976e+00  1.690264e-01                     1
   1708.4000  1.442045e+00  1.526265e-01                     1
   1708.8000  1.442625e+00  1.533769e-01                     1
   1709.2000  1.100656e+00  1.404359e-01                     1
   1709.6000  1.182721e+00  1.489117e-01                     1
   1710.0000  1.176322e+00  1.666308e-01                     1
   1710.4000  1.020574e+00  1.448851e-01                     1
   1710.8000  9.658031e-01  1.547267e-01                     1
   1711.2000  1.318318e+00  1.512987e-01                     1
   1711.6000  1.158073e+00  1.437886e-01                     1
   1712.0000  1.312544e+00  1.496147e-01                     1
   1712.4000  1.044672e+00  1.397073e-01                     1
   1712.8000  1.042024e+00  1.392726e-01                     1
   1713.2000  1.263111e+00  1.479753e-01                     1
   1713.6000  1.279650e+00  1.560840e-01                     1
   1714.0000  1.271769e+00  1.810267e-01                     1
   1714.4000  1.392333e+00  2.099838e-01                     1
   1714.8000  1.385878e+00  1.620552e-01                     1
   1715.2000  1.519085e+00  1.592022e-01                     1
   1715.6000  1.034288e+00  1.409505e-01                     1
   1716.0000  1.132411e+00  1.451013e-01                     1
   1716.4000  1.155975e+00  1.528745e-01                     1
   1716.8000  1.247840e+00  1.557336e-01                     1
   1717.2000  1.148937e+00  1.445506e-01                     1
   1717.6000  1.560548e+00  1.692345e-01                     1
   1718.0000  1.406054e+00  1.774182e-01                     1
   1718.4000  9.914738e-01  1.460312e-01                     1
   1718.8000  9.746852e-01  1.383391e-01                     1
   1719.2000  1.376399e+00  1.550580e-01                     1
   1719.6000  1.313339e+00  1.521967e-01                     1
   1720.0000  1.566823e+00  1.800945e-01                     1
   1720.4000  1.381581e+00  1.836791e-01                     1
   1720.8000  1.453995e+00  1.672131e-01                     1
   1721.2000  1.207921e+00  1.485442e-01                     1
   1721.6000  1.090697e+00  1.439428e-01                     1
   1722.0000  1.809510e+00  1.700954e-01                     1
   1722.4000  1.098848e+00  1.439257e-01                     1
   1722.8000  1.380939e+00  1.546274e-01                     1
   1723.2000  1.427248e+00  1.574552e-01                     1
   1723.6000  1.163292e+00  1.476090e-01                     1
   1724.0000  9.492760e-01  1.547490e-01                     1
   1724.4000  1.345679e+00  1.924253e-01                     1
   1724.8000  1.115733e+00  1.655924e-01                     1
   1725.2000  1.222524e+00  1.482835e-01                     1
   1725.6000  1.470904e+00  1.578399e-01                     1
   1726.0000  1.270960e+00  1.508347e-01                     1
   1726.4000  1.228283e+00  1.498645e-01                     1
   1726.8000  1.193623e+00  1.484116e-01                     1
   1727.2000  8.707905e-01  1.356969e-01                     1
   1727.6000  1.180909e+00  1.485804e-01                     1
   1728.0000  1.095389e+00  1.625502e-01                     1
   1728.4000  1.066164e+00  1.670607e-01                     1
   1728.8000  1.031370e+00  1.429888e-01                     1
   1729.2000  1.133865e+00  1.460744e-01                     1
   1729.6000  1.026018e+00  1.409441e-01                     1
   1730.0000  9.073807e-01  1.397094e-01                     1
   1730.4000  1.110850e+00  1.671257e-01                     1
   1730.8000  1.033005e+00  1.510878e-01                     1
   1731.2000  1.230588e+00  1.479676e-01                     1
   1731.6000  9.253790e-01  1.358812e-01                     1
   1732.0000  9.652068e-01  1.376382e-01                     1
   1732.4000  1.222533e+00  1.479941e-01                     1
   1732.8000  1.151192e+00  1.458540e-01                     1
   1733.2000  1.100228e+00  1.413910e-01                     1
   1733.6000  1.186412e+00  1.451513e-01                     1
   1734.0000  1.088330e+00  1.496539e-01                     1
   1734.4000  1.456934e+00  1.960330e-01                     1
   1734.8000  1.217268e+00  1.825446e-01                     1
   1735.2000  1.203729e+00  1.564362e-01                     1
   1735.6000  1.554683e+00  1.583912e-01                     1
   1736.0000  1.428300e+00  1.537001e-01                     1
   1736.4000  1.543196e+00  1.568146e-01                     1
   1736.8000  1.267433e+00  1.459129e-01                     1
   1737.2000  1.392106e+00  1.504174e-01                     1
   1737.6000  1.127128e+00  1.399044e-01                     1
   1738.0000  1.259457e+00  1.560319e-01                     1
   1738.4000  1.544059e+00  1.751884e-01                     1
   1738.8000  1.507814e+00  1.610817e-01                     1
   1739.2000  1.353271e+00  1.477700e-01                     1
   1739.6000  1.297048e+00  1.453411e-01                     1
   1740.0000  1.183134e+00  1.397045e-01                     1
   1740.4000  1.198675e+00  1.585208e-01                     1
   1740.8000  1.490890e+00  1.695832e-01                     1
   1741.2000  1.431615e+00  1.486748e-01                     1
   1741.6000  1.294076e+00  1.427277e-01                     1
   1742.0000  1.354428e+00  1.434267e-01                     1
   1742.4000  1.536217e+00  1.496196e-01                     1
   1742.8000  1.144178e+00  1.341715e-01                     1
   1743.2000  1.408403e+00  1.426984e-01                     1
   1743.6000  1.670244e+00  1.517169e-01                     1
   1744.0000  1.362157e+00  1.415017e-01                     1
   1744.4000  1.416189e+00  1.776743e-01                     1
   1744.8000  1.211725e+00  1.754731e-01                     1
   1745.2000  1.266052e+00  1.556380e-01                     1
   1745.6000  1.480637e+00  1.422571e-01                     1
   1746.0000  1.277854e+00  1.349090e-01                     1
   1746.4000  1.280451e+00  1.346449e-01                     1
   1746.8000  1.427049e+00  1.388819e-01                     1
   1747.2000  1.019422e+00  1.238354e-01                     1
   1747.6000  8.753543e-01  1.190268e-01                     1
   1748.0000  1.510182e+00  1.495691e-01                     1
   1748.4000  1.189222e+00  1.453339e-01                     1
   1748.8000  1.141496e+00  1.429933e-01                     1
   1749.2000  1.018166e+00  1.216808e-01                     1
   1749.6000  1.353937e+00  1.321979e-01                     1
   1750.0000  1.108883e+00  1.239343e-01                     0
   1750.4000  1.082100e+00  1.388716e-01                     0
   1750.8000  1.592400e+00  1.607642e-01                     0
   1751.2000  1.112884e+00  1.301027e-01                     0
   1751.6000  1.143366e+00  1.221950e-01                     0
   1752.0000  1.375959e+00  1.281179e-01                     0
   1752.4000  1.276645e+00  1.243151e-01                     0
   1752.8000  1.588756e+00  1.339079e-01                     0
   1753.2000  1.677751e+00  1.358115e-01                     0
   1753.6000  1.210593e+00  1.214239e-01                     0
   1754.0000  1.371775e+00  1.243211e-01                     0
   1754.4000  1.153876e+00  1.304900e-01                     0
   1754.8000  1.108621e+00  1.343698e-01                     0
   1755.2000  1.223734e+00  1.525570e-01                     0
   1755.6000  1.369165e+00  1.297006e-01                     0
   1756.0000  1.218037e+00  1.149672e-01                     0
   1756.4000  1.180995e+00  1.126386e-01                     0
   1756.8000  1.196719e+00  1.263914e-01                     0
   1757.2000  1.037139e+00  1.247471e-01                     0
   1757.6000  1.038183e+00  1.078028e-01                     0
   1758.0000  9.684120e-01  1.051832e-01                     0
   1758.4000  1.578747e+00  1.222295e-01                     0
   1758.8000  1.399292e+00  1.322307e-01                     0
   1759.2000  1.285568e+00  1.186476e-01                     0
   1759.6000  1.256445e+00  1.095277e-01                     0
   1760.0000  1.246383e+00  1.082264e-01                     0
   1760.4000  1.228521e+00  1.166509e-01                     0
   1760.8000  1.091487e+00  1.231687e-01                     0
   1761.2000  1.490098e+00  1.283800e-01                     0
   1761.6000  1.193998e+00  1.068040e-01                     0
   1762.0000  1.235642e+00  1.254831e-01                     0
   1762.4000  1.405205e+00  1.345306e-01                     0
   1762.8000  1.483385e+00  1.574570e-01                     0
   1763.2000  1.182363e+00  1.277176e-01                     0
   1763.6000  1.867486e+00  1.369923e-01                     0
   1764.0000  1.702215e+00  1.321802e-01                     0
   1764.4000  1.208144e+00  1.192827e-01                     0
   1764.8000  1.286027e+00  1.328751e-01                     0
   1765.2000  1.323665e+00  1.623342e-01                     0
   1765.6000  1.927297e+00  1.752783e-01                     0
   1766.0000  1.458755e+00  1.598578e-01                     0
   1766.4000  1.318389e+00  1.666089e-01                     0
   1766.8000  1.422855e+00  2.100939e-01                     0
   1767.2000  1.410767e+00  1.828664e-01                     0
   1767.6000  1.403836e+00  2.384019e-01                     0
