#Final resampeld spectrum with mask used for the fit
#
#Milky Way reddening already corrected
#
#Four columns
#1. lambda   2. flux   3. error   4. mask
#
   1136.0000  2.895617e+00  1.298781e-01                     0
   1136.4000  2.974840e+00  1.329618e-01                     0
   1136.8000  2.986514e+00  1.310170e-01                     0
   1137.2000  2.703871e+00  1.307056e-01                     0
   1137.6000  2.548982e+00  1.259689e-01                     0
   1138.0000  3.120280e+00  1.360161e-01                     0
   1138.4000  2.633734e+00  1.158266e-01                     0
   1138.8000  3.249130e+00  1.411864e-01                     0
   1139.2000  3.266633e+00  1.400987e-01                     0
   1139.6000  3.152172e+00  1.399600e-01                     0
   1140.0000  3.003209e+00  1.358130e-01                     0
   1140.4000  3.173305e+00  1.378702e-01                     0
   1140.8000  2.919032e+00  1.346056e-01                     0
   1141.2000  2.955272e+00  1.374971e-01                     0
   1141.6000  2.601815e+00  1.287862e-01                     0
   1142.0000  2.672425e+00  1.324075e-01                     0
   1142.4000  2.498906e+00  1.256390e-01                     0
   1142.8000  3.086781e+00  1.259259e-01                     0
   1143.2000  2.262856e+00  1.217721e-01                     0
   1143.6000  2.774390e+00  1.334815e-01                     0
   1144.0000  2.963229e+00  1.353560e-01                     0
   1144.4000  2.755243e+00  1.319815e-01                     0
   1144.8000  2.224742e+00  1.221246e-01                     0
   1145.2000  2.433570e+00  1.262741e-01                     0
   1145.6000  2.832348e+00  1.327185e-01                     0
   1146.0000  3.010299e+00  1.371450e-01                     0
   1146.4000  2.762755e+00  1.306322e-01                     0
   1146.8000  2.993221e+00  1.268751e-01                     0
   1147.2000  2.720607e+00  1.324914e-01                     0
   1147.6000  2.800172e+00  1.330698e-01                     0
   1148.0000  2.743125e+00  1.302067e-01                     1
   1148.4000  2.388495e+00  1.257337e-01                     1
   1148.8000  3.162394e+00  1.388455e-01                     1
   1149.2000  3.146457e+00  1.365744e-01                     1
   1149.6000  3.222233e+00  1.390426e-01                     1
   1150.0000  3.210188e+00  1.394926e-01                     1
   1150.4000  3.462861e+00  1.419237e-01                     1
   1150.8000  3.081645e+00  1.348491e-01                     1
   1151.2000  3.277718e+00  1.293539e-01                     1
   1151.6000  3.071768e+00  1.355251e-01                     1
   1152.0000  3.113194e+00  1.357110e-01                     1
   1152.4000  3.196246e+00  1.383873e-01                     1
   1152.8000  2.549067e+00  1.262677e-01                     1
   1153.2000  2.771669e+00  1.293168e-01                     1
   1153.6000  3.134971e+00  1.380086e-01                     1
   1154.0000  2.856709e+00  1.328134e-01                     1
   1154.4000  2.505807e+00  1.239977e-01                     1
   1154.8000  3.266712e+00  1.374497e-01                     1
   1155.2000  3.131866e+00  1.289746e-01                     1
   1155.6000  2.757343e+00  1.283209e-01                     1
   1156.0000  2.543683e+00  1.260059e-01                     1
   1156.4000  2.664018e+00  1.287415e-01                     1
   1156.8000  2.759057e+00  1.287908e-01                     1
   1157.2000  2.534864e+00  1.251054e-01                     1
   1157.6000  2.481629e+00  1.251231e-01                     1
   1158.0000  2.607166e+00  1.254737e-01                     1
   1158.4000  2.950362e+00  1.306202e-01                     1
   1158.8000  2.841609e+00  1.305362e-01                     1
   1159.2000  2.910854e+00  1.308247e-01                     1
   1159.6000  2.776565e+00  1.169026e-01                     1
   1160.0000  2.731525e+00  1.263108e-01                     1
   1160.4000  2.755962e+00  1.285408e-01                     1
   1160.8000  2.825581e+00  1.285453e-01                     1
   1161.2000  2.491856e+00  1.242212e-01                     1
   1161.6000  2.509476e+00  1.238079e-01                     1
   1162.0000  2.852019e+00  1.271772e-01                     1
   1162.4000  3.128783e+00  1.335436e-01                     1
   1162.8000  2.948116e+00  1.311692e-01                     1
   1163.2000  2.858028e+00  1.265279e-01                     1
   1163.6000  2.663604e+00  1.166467e-01                     1
   1164.0000  2.902612e+00  1.287033e-01                     1
   1164.4000  2.875169e+00  1.273032e-01                     1
   1164.8000  2.807130e+00  1.248863e-01                     1
   1165.2000  2.871029e+00  1.284502e-01                     1
   1165.6000  2.922517e+00  1.284232e-01                     1
   1166.0000  3.010737e+00  1.287793e-01                     1
   1166.4000  2.892039e+00  1.283053e-01                     1
   1166.8000  2.850014e+00  1.271748e-01                     1
   1167.2000  2.979738e+00  1.274757e-01                     1
   1167.6000  3.134398e+00  1.314879e-01                     1
   1168.0000  3.021548e+00  1.211683e-01                     1
   1168.4000  2.503990e+00  1.169977e-01                     1
   1168.8000  2.325084e+00  1.168553e-01                     1
   1169.2000  2.124581e+00  1.133217e-01                     1
   1169.6000  1.900883e+00  1.072356e-01                     1
   1170.0000  1.857590e+00  1.068461e-01                     1
   1170.4000  2.053268e+00  1.114902e-01                     1
   1170.8000  2.011553e+00  1.089437e-01                     1
   1171.2000  1.869326e+00  1.059043e-01                     1
   1171.6000  1.733993e+00  1.035078e-01                     1
   1172.0000  1.989890e+00  1.036672e-01                     1
   1172.4000  1.489685e+00  9.770850e-02                     1
   1172.8000  1.348971e+00  9.568567e-02                     1
   1173.2000  1.314024e+00  9.465670e-02                     1
   1173.6000  1.425794e+00  9.604548e-02                     1
   1174.0000  1.225482e+00  9.247060e-02                     1
   1174.4000  1.253972e+00  9.377232e-02                     1
   1174.8000  1.308684e+00  9.355011e-02                     1
   1175.2000  1.228278e+00  9.284407e-02                     1
   1175.6000  9.965468e-01  8.707708e-02                     1
   1176.0000  8.443938e-01  8.143832e-02                     1
   1176.4000  1.248006e+00  8.653408e-02                     1
   1176.8000  1.206701e+00  9.173510e-02                     1
   1177.2000  1.215688e+00  9.197424e-02                     1
   1177.6000  1.341180e+00  9.488232e-02                     1
   1178.0000  1.274371e+00  9.376215e-02                     1
   1178.4000  1.543699e+00  9.926946e-02                     1
   1178.8000  1.676462e+00  1.020098e-01                     1
   1179.2000  2.004513e+00  1.102694e-01                     1
   1179.6000  2.223550e+00  1.130254e-01                     1
   1180.0000  3.057118e+00  1.241862e-01                     1
   1180.4000  3.678342e+00  1.283708e-01                     1
   1180.8000  3.825633e+00  1.372152e-01                     1
   1181.2000  3.808604e+00  1.347106e-01                     1
   1181.6000  3.682588e+00  1.343406e-01                     1
   1182.0000  3.911983e+00  1.377808e-01                     1
   1182.4000  3.380244e+00  1.279525e-01                     1
   1182.8000  3.018917e+00  1.230446e-01                     1
   1183.2000  3.296197e+00  1.274146e-01                     1
   1183.6000  3.007486e+00  1.209465e-01                     1
   1184.0000  2.873650e+00  1.190042e-01                     1
   1184.4000  2.681332e+00  1.167849e-01                     1
   1184.8000  2.916201e+00  1.104416e-01                     1
   1185.2000  2.584634e+00  1.107239e-01                     1
   1185.6000  2.264421e+00  1.081237e-01                     1
   1186.0000  2.369055e+00  1.089717e-01                     1
   1186.4000  2.083308e+00  1.025550e-01                     1
   1186.8000  1.995572e+00  1.022074e-01                     1
   1187.2000  2.492559e+00  1.102109e-01                     1
   1187.6000  2.368082e+00  1.058747e-01                     1
   1188.0000  2.278388e+00  1.056440e-01                     1
   1188.4000  2.658070e+00  1.113297e-01                     1
   1188.8000  2.608619e+00  1.030353e-01                     1
   1189.2000  2.268975e+00  1.038677e-01                     0
   1189.6000  2.189864e+00  1.028493e-01                     0
   1190.0000  1.763812e+00  9.353040e-02                     0
   1190.4000  8.545113e-01  7.204977e-02                     0
   1190.8000  2.220085e+00  1.023536e-01                     0
   1191.2000  2.147793e+00  9.989430e-02                     0
   1191.6000  2.594433e+00  1.064059e-01                     0
   1192.0000  2.908206e+00  1.116431e-01                     0
   1192.4000  2.529637e+00  1.052703e-01                     0
   1192.8000  2.284817e+00  1.002249e-01                     0
   1193.2000  8.460544e-01  6.307691e-02                     0
   1193.6000  4.921709e-01  6.009245e-02                     0
   1194.0000  1.038716e+00  7.519064e-02                     0
   1194.4000  2.364008e+00  1.019940e-01                     0
   1194.8000  2.564173e+00  1.046170e-01                     0
   1195.2000  2.481475e+00  1.011314e-01                     0
   1195.6000  2.539750e+00  1.029327e-01                     0
   1196.0000  2.212302e+00  9.801618e-02                     0
   1196.4000  1.593988e+00  8.601879e-02                     0
   1196.8000  1.036414e+00  7.306778e-02                     0
   1197.2000  2.629739e+00  9.682680e-02                     0
   1197.6000  2.684922e+00  1.028952e-01                     0
   1198.0000  2.791258e+00  1.043540e-01                     0
   1198.4000  2.950563e+00  1.072151e-01                     0
   1198.8000  2.724244e+00  1.025706e-01                     0
   1199.2000  2.686686e+00  1.016108e-01                     0
   1199.6000  1.395817e+00  8.129472e-02                     0
   1200.0000  1.723943e+00  8.753565e-02                     0
   1200.4000  1.259108e+00  7.709007e-02                     0
   1200.8000  1.275873e+00  7.858680e-02                     0
   1201.2000  1.872140e+00  8.941181e-02                     0
   1201.6000  1.637049e+00  7.644344e-02                     0
   1202.0000  1.457092e+00  7.967419e-02                     0
   1202.4000  1.399992e+00  8.018026e-02                     0
   1202.8000  1.398589e+00  7.873025e-02                     0
   1203.2000  1.697465e+00  8.464340e-02                     0
   1203.6000  1.829016e+00  8.704119e-02                     0
   1204.0000  1.775891e+00  8.490371e-02                     0
   1204.4000  1.657480e+00  8.245660e-02                     0
   1204.8000  1.593474e+00  8.128741e-02                     0
   1205.2000  1.549384e+00  8.054534e-02                     0
   1205.6000  1.393429e+00  7.230133e-02                     0
   1206.0000  1.419431e+00  7.853836e-02                     0
   1206.4000  4.250774e-01  5.183093e-02                     0
   1206.8000  9.100185e-01  6.651973e-02                     0
   1207.2000  1.092866e+00  9.849345e-02                     0
   1207.6000  1.905155e+00  1.363561e-01                     0
   1208.0000  2.122714e+00  8.825343e-02                     0
   1208.4000  2.221454e+00  9.089566e-02                     0
   1208.8000  2.111682e+00  8.964365e-02                     0
   1209.2000  1.945853e+00  8.569379e-02                     0
   1209.6000  1.296526e+00  7.437050e-02                     0
   1210.0000  7.022397e-01  5.643110e-02                     0
   1210.4000  2.508010e+00  9.227045e-02                     0
   1210.8000  3.524130e+00  1.066292e-01                     0
   1211.2000  0.000000e+00  1.000000e+00                     0
   1211.6000  0.000000e+00  1.000000e+00                     0
   1212.0000  3.078598e+00  1.600362e-01                     0
   1212.4000  3.189966e+00  1.613813e-01                     0
   1212.8000  2.882456e+00  9.510892e-02                     0
   1213.2000  2.846607e+00  8.945806e-02                     0
   1213.6000  2.454410e+00  8.307615e-02                     0
   1214.0000  2.604537e+00  7.095639e-02                     0
   1214.4000  1.060002e+02  2.120004e+00                     0
   1214.8000  0.000000e+00  1.000000e+00                     0
   1215.2000  0.000000e+00  1.000000e+00                     0
   1215.6000  0.000000e+00  1.000000e+00                     0
   1216.0000  0.000000e+00  1.000000e+00                     0
   1216.4000  4.087202e+05  8.174404e+03                     0
   1216.8000  2.023860e+03  4.047721e+01                     0
   1217.2000  7.537674e+01  1.507535e+00                     0
   1217.6000  3.347254e+00  7.376337e-02                     0
   1218.0000  5.707114e+00  1.141423e-01                     0
   1218.4000  1.351256e+01  2.702511e-01                     0
   1218.8000  1.136890e+03  2.273780e+01                     0
   1219.2000  4.487772e+04  8.975544e+02                     0
   1219.6000  4.422475e+04  8.844950e+02                     0
   1220.0000  1.331593e+03  2.663186e+01                     0
   1220.4000  3.026705e+01  6.053410e-01                     0
   1220.8000  7.903942e+00  1.580788e-01                     0
   1221.2000  4.657524e+00  1.005581e-01                     0
   1221.6000  4.290707e+00  1.032430e-01                     0
   1222.0000  3.794851e+00  9.981942e-02                     0
   1222.4000  3.463957e+00  9.341234e-02                     0
   1222.8000  3.276764e+00  9.916284e-02                     0
   1223.2000  2.950350e+00  9.489523e-02                     0
   1223.6000  3.165306e+00  9.848987e-02                     0
   1224.0000  2.749631e+00  9.439139e-02                     0
   1224.4000  2.799326e+00  9.477645e-02                     0
   1224.8000  2.738031e+00  9.319977e-02                     0
   1225.2000  2.841001e+00  9.702951e-02                     0
   1225.6000  2.560106e+00  9.297403e-02                     0
   1226.0000  2.747239e+00  9.480846e-02                     0
   1226.4000  2.864185e+00  9.755081e-02                     0
   1226.8000  3.129730e+00  9.350426e-02                     0
   1227.2000  3.111941e+00  9.845539e-02                     0
   1227.6000  2.913814e+00  9.903204e-02                     0
   1228.0000  2.891418e+00  9.885840e-02                     0
   1228.4000  2.990776e+00  9.870124e-02                     0
   1228.8000  2.695861e+00  9.577571e-02                     0
   1229.2000  2.648678e+00  9.541860e-02                     0
   1229.6000  2.637438e+00  9.393715e-02                     0
   1230.0000  2.802842e+00  9.686131e-02                     0
   1230.4000  2.376771e+00  9.061980e-02                     0
   1230.8000  2.435655e+00  8.569265e-02                     0
   1231.2000  1.872577e+00  8.237014e-02                     1
   1231.6000  1.890508e+00  8.393828e-02                     1
   1232.0000  1.879412e+00  8.323778e-02                     1
   1232.4000  1.753240e+00  8.089919e-02                     1
   1232.8000  1.662812e+00  8.074963e-02                     1
   1233.2000  1.573616e+00  7.852720e-02                     1
   1233.6000  1.485951e+00  7.624532e-02                     1
   1234.0000  1.486350e+00  7.777798e-02                     0
   1234.4000  1.484185e+00  7.752336e-02                     0
   1234.8000  1.486543e+00  7.619290e-02                     0
   1235.2000  1.410423e+00  7.083279e-02                     0
   1235.6000  1.195131e+00  7.165847e-02                     0
   1236.0000  1.273289e+00  7.280469e-02                     0
   1236.4000  1.085125e+00  6.904050e-02                     0
   1236.8000  9.959922e-01  6.714526e-02                     0
   1237.2000  8.947951e-01  6.399077e-02                     0
   1237.6000  7.761456e-01  6.118144e-02                     0
   1238.0000  9.131274e-01  6.545171e-02                     0
   1238.4000  8.556276e-01  6.389172e-02                     0
   1238.8000  7.476201e-01  6.078436e-02                     0
   1239.2000  9.299589e-01  6.263574e-02                     0
   1239.6000  8.589919e-01  6.462841e-02                     0
   1240.0000  9.786937e-01  6.680592e-02                     0
   1240.4000  9.844624e-01  6.773079e-02                     0
   1240.8000  1.105128e+00  7.073214e-02                     0
   1241.2000  1.163710e+00  7.045501e-02                     0
   1241.6000  1.212473e+00  7.230647e-02                     0
   1242.0000  1.114790e+00  7.063727e-02                     0
   1242.4000  1.011546e+00  6.678629e-02                     0
   1242.8000  1.376851e+00  7.540450e-02                     0
   1243.2000  1.731302e+00  8.275829e-02                     1
   1243.6000  1.763641e+00  7.664304e-02                     1
   1244.0000  1.790279e+00  8.214560e-02                     1
   1244.4000  2.080296e+00  8.838502e-02                     1
   1244.8000  2.175257e+00  8.771730e-02                     1
   1245.2000  2.531993e+00  9.399104e-02                     1
   1245.6000  2.891818e+00  1.007806e-01                     1
   1246.0000  3.211827e+00  1.050931e-01                     1
   1246.4000  3.192483e+00  1.036846e-01                     1
   1246.8000  3.461272e+00  1.086758e-01                     1
   1247.2000  4.096316e+00  1.157719e-01                     1
   1247.6000  3.890393e+00  1.047966e-01                     1
   1248.0000  3.468495e+00  1.089132e-01                     1
   1248.4000  3.631490e+00  1.110163e-01                     1
   1248.8000  3.552192e+00  1.083297e-01                     1
   1249.2000  3.285618e+00  1.060524e-01                     1
   1249.6000  3.273901e+00  1.064929e-01                     1
   1250.0000  3.348596e+00  1.063211e-01                     1
   1250.4000  2.748847e+00  9.872997e-02                     1
   1250.8000  2.312106e+00  9.328094e-02                     1
   1251.2000  2.736313e+00  9.831731e-02                     1
   1251.6000  3.189922e+00  1.038923e-01                     1
   1252.0000  3.683571e+00  1.038873e-01                     1
   1252.4000  3.716608e+00  1.109385e-01                     1
   1252.8000  3.465195e+00  1.074123e-01                     1
   1253.2000  3.176554e+00  1.052208e-01                     1
   1253.6000  2.657249e+00  9.851208e-02                     0
   1254.0000  1.824777e+00  8.348973e-02                     0
   1254.4000  2.717812e+00  9.903280e-02                     0
   1254.8000  2.698884e+00  9.870025e-02                     1
   1255.2000  2.716104e+00  9.712450e-02                     1
   1255.6000  2.674540e+00  9.726038e-02                     1
   1256.0000  2.650004e+00  9.192086e-02                     1
   1256.4000  2.466877e+00  9.375026e-02                     1
   1256.8000  2.440995e+00  9.356116e-02                     1
   1257.2000  2.246917e+00  9.191384e-02                     1
   1257.6000  2.215790e+00  9.077709e-02                     1
   1258.0000  2.650480e+00  9.718772e-02                     1
   1258.4000  2.713961e+00  9.920892e-02                     0
   1258.8000  2.819350e+00  9.999537e-02                     0
   1259.2000  2.588354e+00  9.590437e-02                     0
   1259.6000  1.777345e+00  8.436807e-02                     0
   1260.0000  2.569205e+00  9.762401e-02                     0
   1260.4000  6.493166e-01  5.262816e-02                     0
   1260.8000  1.659394e+00  8.281897e-02                     0
   1261.2000  1.873626e+00  8.698150e-02                     0
   1261.6000  2.190970e+00  9.076203e-02                     0
   1262.0000  2.664887e+00  9.936239e-02                     0
   1262.4000  2.792106e+00  1.018728e-01                     0
   1262.8000  2.735971e+00  9.981094e-02                     0
   1263.2000  2.070498e+00  9.019031e-02                     0
   1263.6000  1.641065e+00  8.361672e-02                     0
   1264.0000  6.900549e-01  6.055813e-02                     0
   1264.4000  1.811011e+00  8.045158e-02                     0
   1264.8000  2.665436e+00  9.956251e-02                     0
   1265.2000  2.481511e+00  9.547924e-02                     0
   1265.6000  2.465572e+00  9.138436e-02                     0
   1266.0000  3.082743e+00  1.047210e-01                     0
   1266.4000  2.824237e+00  1.031537e-01                     0
   1266.8000  2.947115e+00  1.039933e-01                     0
   1267.2000  2.816336e+00  1.040429e-01                     0
   1267.6000  2.776998e+00  1.024592e-01                     0
   1268.0000  2.563322e+00  9.278800e-02                     0
   1268.4000  2.178835e+00  9.179458e-02                     0
   1268.8000  3.085048e+00  1.036943e-01                     0
   1269.2000  3.190236e+00  1.065859e-01                     0
   1269.6000  2.564479e+00  9.483431e-02                     0
   1270.0000  2.466261e+00  1.179267e-01                     0
   1270.4000  2.848966e+00  1.668968e-01                     0
   1270.8000  3.234090e+00  1.757699e-01                     0
   1271.2000  2.775104e+00  1.685474e-01                     0
   1271.6000  2.779938e+00  1.627680e-01                     0
   1272.0000  2.176688e+00  1.357034e-01                     0
   1272.4000  2.678751e+00  1.624778e-01                     0
   1272.8000  2.659957e+00  1.487967e-01                     0
   1273.2000  2.397512e+00  1.565555e-01                     0
   1273.6000  2.300382e+00  1.582361e-01                     0
   1274.0000  0.000000e+00  1.000000e+00                     0
   1274.4000  0.000000e+00  1.000000e+00                     0
   1274.8000  0.000000e+00  1.000000e+00                     0
   1275.2000  0.000000e+00  1.000000e+00                     0
   1275.6000  0.000000e+00  1.000000e+00                     0
   1276.0000  0.000000e+00  1.000000e+00                     0
   1276.4000  0.000000e+00  1.000000e+00                     0
   1276.8000  0.000000e+00  1.000000e+00                     0
   1277.2000  0.000000e+00  1.000000e+00                     0
   1277.6000  0.000000e+00  1.000000e+00                     0
   1278.0000  0.000000e+00  1.000000e+00                     0
   1278.4000  0.000000e+00  1.000000e+00                     0
   1278.8000  0.000000e+00  1.000000e+00                     0
   1279.2000  0.000000e+00  1.000000e+00                     0
   1279.6000  0.000000e+00  1.000000e+00                     0
   1280.0000  0.000000e+00  1.000000e+00                     0
   1280.4000  0.000000e+00  1.000000e+00                     0
   1280.8000  0.000000e+00  1.000000e+00                     0
   1281.2000  0.000000e+00  1.000000e+00                     0
   1281.6000  0.000000e+00  1.000000e+00                     0
   1282.0000  0.000000e+00  1.000000e+00                     0
   1282.4000  0.000000e+00  1.000000e+00                     0
   1282.8000  0.000000e+00  1.000000e+00                     0
   1283.2000  0.000000e+00  1.000000e+00                     0
   1283.6000  0.000000e+00  1.000000e+00                     0
   1284.0000  0.000000e+00  1.000000e+00                     0
   1284.4000  0.000000e+00  1.000000e+00                     0
   1284.8000  0.000000e+00  1.000000e+00                     0
   1285.2000  0.000000e+00  1.000000e+00                     0
   1285.6000  0.000000e+00  1.000000e+00                     0
   1286.0000  0.000000e+00  1.000000e+00                     0
   1286.4000  0.000000e+00  1.000000e+00                     0
   1286.8000  0.000000e+00  1.000000e+00                     0
   1287.2000  1.430669e+00  7.940079e-02                     0
   1287.6000  1.280022e+00  7.757725e-02                     0
   1288.0000  1.777180e+00  1.256538e-01                     0
   1288.4000  2.588439e+00  1.545589e-01                     0
   1288.8000  2.766794e+00  1.597390e-01                     0
   1289.2000  2.663042e+00  1.573587e-01                     0
   1289.6000  0.000000e+00  1.000000e+00                     0
   1290.0000  2.059911e+00  1.443378e-01                     0
   1290.4000  2.475132e+00  1.547571e-01                     0
   1290.8000  2.393206e+00  1.293403e-01                     0
   1291.2000  2.367423e+00  1.016089e-01                     0
   1291.6000  2.619073e+00  1.068266e-01                     0
   1292.0000  2.404447e+00  1.030687e-01                     0
   1292.4000  2.654575e+00  1.063272e-01                     0
   1292.8000  2.879943e+00  1.114437e-01                     0
   1293.2000  2.882899e+00  1.112846e-01                     1
   1293.6000  2.636249e+00  1.351352e-01                     1
   1294.0000  2.378674e+00  1.043874e-01                     1
   1294.4000  2.712892e+00  1.097497e-01                     1
   1294.8000  2.349054e+00  9.505214e-02                     1
   1295.2000  2.286080e+00  1.010691e-01                     1
   1295.6000  1.949512e+00  9.739866e-02                     1
   1296.0000  2.452069e+00  1.044004e-01                     1
   1296.4000  2.153190e+00  9.973410e-02                     1
   1296.8000  2.167024e+00  1.013402e-01                     1
   1297.2000  2.290930e+00  1.029084e-01                     1
   1297.6000  2.251684e+00  1.020967e-01                     1
   1298.0000  2.286005e+00  1.037599e-01                     0
   1298.4000  2.037163e+00  9.853928e-02                     0
   1298.8000  2.281666e+00  9.389737e-02                     0
   1299.2000  2.176556e+00  1.015277e-01                     0
   1299.6000  2.166723e+00  1.017642e-01                     0
   1300.0000  2.006779e+00  9.798798e-02                     0
   1300.4000  1.757100e+00  9.515448e-02                     0
   1300.8000  1.953184e+00  9.823506e-02                     0
   1301.2000  2.359005e+00  1.033759e-01                     0
   1301.6000  3.218497e+00  1.186711e-01                     0
   1302.0000  3.841217e+00  1.278767e-01                     0
   1302.4000  3.511143e+00  1.219954e-01                     0
   1302.8000  2.382036e+00  1.042326e-01                     0
   1303.2000  2.412973e+00  9.932127e-02                     0
   1303.6000  2.725390e+00  1.101962e-01                     0
   1304.0000  2.409149e+00  1.049874e-01                     0
   1304.4000  2.294057e+00  1.040510e-01                     0
   1304.8000  3.290560e+00  1.526046e-01                     0
   1305.2000  3.493903e+00  1.214786e-01                     0
   1305.6000  2.936475e+00  1.156064e-01                     0
   1306.0000  2.841242e+00  1.140043e-01                     0
   1306.4000  3.299183e+00  1.200505e-01                     0
   1306.8000  2.579636e+00  1.090145e-01                     0
   1307.2000  2.359983e+00  1.014499e-01                     0
   1307.6000  2.412754e+00  1.062582e-01                     0
   1308.0000  1.630469e+00  9.305235e-02                     0
   1308.4000  2.366456e+00  1.090506e-01                     0
   1308.8000  2.718460e+00  1.422615e-01                     0
   1309.2000  2.720627e+00  1.123725e-01                     0
   1309.6000  2.771185e+00  1.138540e-01                     0
   1310.0000  2.532070e+00  1.088597e-01                     0
   1310.4000  2.410840e+00  1.074108e-01                     0
   1310.8000  2.658925e+00  1.123202e-01                     0
   1311.2000  2.421925e+00  1.055721e-01                     0
   1311.6000  2.760490e+00  1.052166e-01                     0
   1312.0000  2.800341e+00  1.146810e-01                     0
   1312.4000  2.764565e+00  1.120753e-01                     0
   1312.8000  2.782261e+00  1.125481e-01                     0
   1313.2000  2.701270e+00  1.131414e-01                     0
   1313.6000  2.701714e+00  1.124921e-01                     1
   1314.0000  2.711552e+00  1.106197e-01                     1
   1314.4000  3.015640e+00  1.172226e-01                     1
   1314.8000  2.537101e+00  1.099484e-01                     1
   1315.2000  2.567982e+00  1.056063e-01                     1
   1315.6000  2.539198e+00  1.025983e-01                     1
   1316.0000  2.417980e+00  1.079016e-01                     1
   1316.4000  2.364173e+00  1.057030e-01                     1
   1316.8000  2.646165e+00  1.105884e-01                     1
   1317.2000  2.480940e+00  1.087663e-01                     1
   1317.6000  2.888914e+00  1.143169e-01                     1
   1318.0000  2.631906e+00  1.100062e-01                     1
   1318.4000  2.396441e+00  1.079629e-01                     1
   1318.8000  2.427089e+00  1.076094e-01                     1
   1319.2000  2.566577e+00  1.091998e-01                     1
   1319.6000  2.822691e+00  1.104474e-01                     1
   1320.0000  2.504746e+00  1.028770e-01                     1
   1320.4000  2.379936e+00  1.057523e-01                     1
   1320.8000  2.757118e+00  1.134898e-01                     1
   1321.2000  2.714323e+00  1.134905e-01                     1
   1321.6000  2.296357e+00  1.046025e-01                     1
   1322.0000  2.317706e+00  1.060765e-01                     1
   1322.4000  2.381543e+00  1.081951e-01                     1
   1322.8000  2.492942e+00  1.085048e-01                     1
   1323.2000  2.713358e+00  1.123902e-01                     1
   1323.6000  2.714215e+00  1.085477e-01                     1
   1324.0000  2.467512e+00  1.033545e-01                     1
   1324.4000  2.374651e+00  1.062952e-01                     1
   1324.8000  2.233786e+00  1.052190e-01                     1
   1325.2000  2.228965e+00  1.048007e-01                     1
   1325.6000  2.433156e+00  1.074727e-01                     1
   1326.0000  2.587187e+00  1.110473e-01                     1
   1326.4000  2.723366e+00  1.131937e-01                     1
   1326.8000  2.623174e+00  1.098198e-01                     1
   1327.2000  2.528053e+00  1.102754e-01                     1
   1327.6000  2.217723e+00  1.053726e-01                     1
   1328.0000  2.152973e+00  9.864868e-02                     1
   1328.4000  2.297752e+00  1.021396e-01                     1
   1328.8000  2.316256e+00  1.068230e-01                     1
   1329.2000  2.397331e+00  1.068677e-01                     1
   1329.6000  2.851984e+00  1.145443e-01                     1
   1330.0000  2.715576e+00  1.127643e-01                     1
   1330.4000  2.947689e+00  1.154260e-01                     1
   1330.8000  2.518049e+00  1.087091e-01                     1
   1331.2000  2.441349e+00  1.084404e-01                     1
   1331.6000  2.595652e+00  1.099241e-01                     0
   1332.0000  2.405335e+00  1.022417e-01                     0
   1332.4000  2.503810e+00  1.059511e-01                     0
   1332.8000  2.347685e+00  1.063551e-01                     0
   1333.2000  2.390731e+00  1.059516e-01                     0
   1333.6000  2.076308e+00  1.020769e-01                     0
   1334.0000  2.107783e+00  1.025560e-01                     0
   1334.4000  8.564635e-01  7.126584e-02                     0
   1334.8000  1.014017e+00  7.906623e-02                     0
   1335.2000  1.718251e+00  9.530591e-02                     0
   1335.6000  1.354645e+00  8.674553e-02                     0
   1336.0000  2.170605e+00  1.032837e-01                     0
   1336.4000  2.403542e+00  1.027130e-01                     0
   1336.8000  2.499584e+00  1.032850e-01                     0
   1337.2000  2.276965e+00  1.037606e-01                     0
   1337.6000  1.724862e+00  9.492292e-02                     0
   1338.0000  1.045327e+00  7.977926e-02                     0
   1338.4000  4.871072e-01  6.093223e-02                     0
   1338.8000  1.481880e+00  9.076916e-02                     0
   1339.2000  1.768243e+00  9.569028e-02                     0
   1339.6000  1.362857e+00  8.596255e-02                     0
   1340.0000  2.193404e+00  1.036971e-01                     0
   1340.4000  2.729935e+00  1.062765e-01                     1
   1340.8000  2.613498e+00  1.052631e-01                     1
   1341.2000  2.620681e+00  1.093427e-01                     1
   1341.6000  2.397476e+00  1.058208e-01                     1
   1342.0000  2.240255e+00  1.014768e-01                     1
   1342.4000  2.056825e+00  9.949021e-02                     1
   1342.8000  2.047800e+00  9.996362e-02                     1
   1343.2000  2.283602e+00  1.025526e-01                     1
   1343.6000  2.701471e+00  1.091775e-01                     1
   1344.0000  2.474823e+00  1.060976e-01                     1
   1344.4000  2.610249e+00  1.069443e-01                     1
   1344.8000  2.630176e+00  9.929486e-02                     1
   1345.2000  2.356634e+00  1.018741e-01                     1
   1345.6000  2.330344e+00  1.034026e-01                     1
   1346.0000  2.124290e+00  9.897924e-02                     1
   1346.4000  1.945799e+00  9.734094e-02                     1
   1346.8000  1.976813e+00  9.818589e-02                     1
   1347.2000  1.640258e+00  9.115566e-02                     1
   1347.6000  1.646685e+00  9.236880e-02                     1
   1348.0000  2.046694e+00  9.919145e-02                     1
   1348.4000  2.377106e+00  1.030940e-01                     1
   1348.8000  2.589894e+00  9.968257e-02                     1
   1349.2000  2.708700e+00  1.083906e-01                     1
   1349.6000  2.102222e+00  9.819323e-02                     1
   1350.0000  2.210427e+00  1.006317e-01                     1
   1350.4000  2.466140e+00  1.053367e-01                     1
   1350.8000  2.812770e+00  1.094808e-01                     1
   1351.2000  2.653233e+00  1.068943e-01                     1
   1351.6000  2.579172e+00  1.073703e-01                     1
   1352.0000  2.522511e+00  1.056424e-01                     1
   1352.4000  2.491233e+00  1.039702e-01                     1
   1352.8000  2.529390e+00  1.052199e-01                     1
   1353.2000  2.562015e+00  9.756641e-02                     1
   1353.6000  2.509970e+00  1.044477e-01                     1
   1354.0000  2.265865e+00  1.023603e-01                     1
   1354.4000  2.273941e+00  1.024084e-01                     1
   1354.8000  2.394196e+00  1.022754e-01                     1
   1355.2000  2.505660e+00  1.048949e-01                     1
   1355.6000  2.513210e+00  1.052760e-01                     1
   1356.0000  2.406859e+00  1.018622e-01                     1
   1356.4000  2.514460e+00  1.041720e-01                     1
   1356.8000  2.337258e+00  1.005357e-01                     1
   1357.2000  2.547780e+00  9.813098e-02                     1
   1357.6000  2.456234e+00  1.035569e-01                     1
   1358.0000  2.371310e+00  1.034599e-01                     1
   1358.4000  2.224931e+00  1.000309e-01                     1
   1358.8000  2.290024e+00  1.003325e-01                     1
   1359.2000  2.069203e+00  9.817391e-02                     1
   1359.6000  2.442959e+00  1.034662e-01                     1
   1360.0000  2.345858e+00  1.004361e-01                     1
   1360.4000  2.272434e+00  1.011873e-01                     1
   1360.8000  2.286591e+00  1.017935e-01                     1
   1361.2000  2.251437e+00  9.816549e-02                     1
   1361.6000  2.663703e+00  1.011965e-01                     1
   1362.0000  2.429543e+00  1.034201e-01                     1
   1362.4000  2.456913e+00  1.018489e-01                     1
   1362.8000  2.647530e+00  1.051457e-01                     1
   1363.2000  2.336762e+00  1.016529e-01                     1
   1363.6000  2.423292e+00  1.021571e-01                     1
   1364.0000  2.711983e+00  1.065093e-01                     1
   1364.4000  2.571565e+00  1.055345e-01                     1
   1364.8000  2.219960e+00  9.926686e-02                     1
   1365.2000  2.066935e+00  9.425550e-02                     1
   1365.6000  1.957501e+00  9.061859e-02                     1
   1366.0000  1.970685e+00  9.539220e-02                     1
   1366.4000  2.177237e+00  9.771420e-02                     1
   1366.8000  2.081034e+00  9.785170e-02                     1
   1367.2000  1.851133e+00  9.422338e-02                     1
   1367.6000  1.949224e+00  9.409775e-02                     1
   1368.0000  2.135878e+00  9.841104e-02                     1
   1368.4000  2.209970e+00  9.973845e-02                     1
   1368.8000  2.101503e+00  9.635896e-02                     1
   1369.2000  2.193108e+00  9.866423e-02                     1
   1369.6000  2.251849e+00  9.632517e-02                     1
   1370.0000  2.374099e+00  9.590640e-02                     1
   1370.4000  2.541991e+00  1.034808e-01                     1
   1370.8000  2.761856e+00  1.081078e-01                     1
   1371.2000  2.324480e+00  1.006787e-01                     1
   1371.6000  2.577244e+00  1.041106e-01                     1
   1372.0000  2.385796e+00  1.024813e-01                     1
   1372.4000  2.616371e+00  1.057421e-01                     1
   1372.8000  2.552012e+00  1.037194e-01                     1
   1373.2000  2.339779e+00  1.019531e-01                     1
   1373.6000  2.356031e+00  9.777890e-02                     1
   1374.0000  2.415577e+00  9.776482e-02                     1
   1374.4000  2.280761e+00  1.005956e-01                     1
   1374.8000  2.330717e+00  1.019686e-01                     1
   1375.2000  2.112609e+00  9.695859e-02                     1
   1375.6000  1.744472e+00  9.130092e-02                     1
   1376.0000  1.993537e+00  9.594647e-02                     1
   1376.4000  2.316950e+00  1.000763e-01                     1
   1376.8000  2.437899e+00  1.028328e-01                     1
   1377.2000  1.938805e+00  9.565589e-02                     1
   1377.6000  1.941684e+00  9.457910e-02                     1
   1378.0000  1.885156e+00  8.802389e-02                     1
   1378.4000  2.071276e+00  9.389403e-02                     1
   1378.8000  1.975585e+00  9.560024e-02                     1
   1379.2000  2.117733e+00  9.711066e-02                     1
   1379.6000  2.214466e+00  1.002905e-01                     1
   1380.0000  2.073728e+00  9.784111e-02                     1
   1380.4000  1.980534e+00  9.475642e-02                     1
   1380.8000  2.106398e+00  9.818981e-02                     1
   1381.2000  2.284675e+00  1.009682e-01                     1
   1381.6000  2.199158e+00  9.791764e-02                     1
   1382.0000  2.108326e+00  9.197025e-02                     1
   1382.4000  1.948871e+00  9.396847e-02                     1
   1382.8000  1.897281e+00  9.376070e-02                     1
   1383.2000  2.124264e+00  9.828540e-02                     1
   1383.6000  2.241611e+00  1.474234e-01                     1
   1384.0000  2.075999e+00  9.724860e-02                     1
   1384.4000  1.966702e+00  9.509738e-02                     1
   1384.8000  2.146621e+00  9.955996e-02                     1
   1385.2000  2.119081e+00  9.910099e-02                     1
   1385.6000  1.886836e+00  9.430047e-02                     1
   1386.0000  1.589236e+00  9.000212e-02                     1
   1386.4000  1.849398e+00  8.848437e-02                     1
   1386.8000  1.625354e+00  8.818029e-02                     1
   1387.2000  1.814831e+00  1.024182e-01                     1
   1387.6000  1.546377e+00  1.184218e-01                     1
   1388.0000  1.212628e+00  8.167338e-02                     1
   1388.4000  1.402196e+00  8.668940e-02                     1
   1388.8000  1.231184e+00  8.432377e-02                     1
   1389.2000  1.377092e+00  1.452750e-01                     1
   1389.6000  1.290883e+00  1.268043e-01                     1
   1390.0000  1.214371e+00  8.293701e-02                     1
   1390.4000  1.159748e+00  7.502136e-02                     1
   1390.8000  1.231088e+00  8.238570e-02                     1
   1391.2000  1.049265e+00  7.940400e-02                     0
   1391.6000  9.617768e-01  7.691056e-02                     0
   1392.0000  8.201806e-01  7.194018e-02                     0
   1392.4000  8.828819e-01  7.500355e-02                     0
   1392.8000  9.465921e-01  8.389434e-02                     0
   1393.2000  1.020132e+00  1.194423e-01                     0
   1393.6000  6.910616e-01  9.631925e-02                     0
   1394.0000  7.715094e-01  7.124492e-02                     0
   1394.4000  9.960302e-01  7.634376e-02                     0
   1394.8000  9.312762e-01  6.869291e-02                     0
   1395.2000  1.084682e+00  8.059631e-02                     0
   1395.6000  1.195982e+00  8.190330e-02                     0
   1396.0000  9.866343e-01  7.695231e-02                     0
   1396.4000  1.026012e+00  7.912967e-02                     0
   1396.8000  9.676577e-01  7.724635e-02                     0
   1397.2000  7.925744e-01  7.239529e-02                     0
   1397.6000  5.392839e-01  6.483260e-02                     0
   1398.0000  8.050052e-01  7.298567e-02                     0
   1398.4000  1.203192e+00  8.132998e-02                     0
   1398.8000  1.475665e+00  8.288494e-02                     0
   1399.2000  1.413766e+00  8.878556e-02                     1
   1399.6000  1.442451e+00  8.836822e-02                     1
   1400.0000  1.457128e+00  9.045464e-02                     1
   1400.4000  1.395520e+00  8.881022e-02                     1
   1400.8000  1.397153e+00  8.753905e-02                     1
   1401.2000  1.101143e+00  8.324912e-02                     1
   1401.6000  1.194586e+00  8.834413e-02                     1
   1402.0000  1.263156e+00  9.053965e-02                     1
   1402.4000  1.109148e+00  8.502872e-02                     1
   1402.8000  9.978805e-01  8.352931e-02                     1
   1403.2000  1.378358e+00  8.974708e-02                     1
   1403.6000  1.654439e+00  9.795214e-02                     1
   1404.0000  1.415554e+00  9.248241e-02                     1
   1404.4000  1.520304e+00  9.500651e-02                     1
   1404.8000  1.770620e+00  9.315430e-02                     1
   1405.2000  1.789236e+00  9.011647e-02                     1
   1405.6000  1.929526e+00  7.964577e-02                     1
   1406.0000  1.871103e+00  7.843210e-02                     1
   1406.4000  1.845462e+00  7.834098e-02                     1
   1406.8000  1.512802e+00  6.687837e-02                     1
   1407.2000  2.512584e+00  6.972479e-02                     1
   1407.6000  3.067449e+00  7.901554e-02                     1
   1408.0000  3.600978e+00  8.760654e-02                     1
   1408.4000  3.647910e+00  8.949650e-02                     1
   1408.8000  3.306103e+00  8.284726e-02                     1
   1409.2000  3.568357e+00  8.309216e-02                     1
   1409.6000  3.291318e+00  8.006154e-02                     1
   1410.0000  3.112893e+00  7.836974e-02                     1
   1410.4000  2.906646e+00  8.447464e-02                     1
   1410.8000  2.813723e+00  8.729788e-02                     1
   1411.2000  2.577256e+00  1.020546e-01                     1
   1411.6000  2.604532e+00  6.685119e-02                     1
   1412.0000  2.365684e+00  6.503686e-02                     1
   1412.4000  2.138193e+00  6.301382e-02                     1
   1412.8000  2.101989e+00  6.224620e-02                     1
   1413.2000  2.012857e+00  6.244692e-02                     1
   1413.6000  1.932652e+00  6.106888e-02                     1
   1414.0000  2.159322e+00  6.320448e-02                     1
   1414.4000  2.194637e+00  6.656545e-02                     1
   1414.8000  2.478914e+00  8.139234e-02                     1
   1415.2000  2.302264e+00  8.617527e-02                     1
   1415.6000  2.081739e+00  6.119028e-02                     1
   1416.0000  2.314811e+00  6.397887e-02                     1
   1416.4000  2.465701e+00  6.463782e-02                     1
   1416.8000  2.596257e+00  6.745100e-02                     1
   1417.2000  2.370247e+00  6.535303e-02                     1
   1417.6000  2.438232e+00  6.486197e-02                     1
   1418.0000  2.511380e+00  6.651397e-02                     1
   1418.4000  2.052398e+00  6.389389e-02                     1
   1418.8000  1.827902e+00  6.035572e-02                     1
   1419.2000  1.715521e+00  5.831039e-02                     1
   1419.6000  1.782144e+00  5.568706e-02                     1
   1420.0000  1.950553e+00  5.707915e-02                     1
   1420.4000  1.848437e+00  5.914499e-02                     1
   1420.8000  1.720106e+00  6.530001e-02                     1
   1421.2000  1.721306e+00  9.060324e-02                     1
   1421.6000  1.537000e+00  5.842357e-02                     1
   1422.0000  1.731586e+00  5.805435e-02                     1
   1422.4000  1.726805e+00  5.670952e-02                     1
   1422.8000  1.836036e+00  5.964362e-02                     1
   1423.2000  1.889572e+00  6.088617e-02                     1
   1423.6000  1.861429e+00  5.623360e-02                     1
   1424.0000  1.748474e+00  5.662279e-02                     1
   1424.4000  1.680844e+00  5.670507e-02                     1
   1424.8000  1.718333e+00  6.932470e-02                     1
   1425.2000  1.809151e+00  7.194143e-02                     1
   1425.6000  1.934875e+00  9.571906e-02                     1
   1426.0000  2.011090e+00  9.269807e-02                     1
   1426.4000  1.925394e+00  9.039455e-02                     1
   1426.8000  1.686738e+00  9.271359e-02                     1
   1427.2000  1.926251e+00  9.325421e-02                     1
   1427.6000  1.804433e+00  9.380935e-02                     1
   1428.0000  2.037353e+00  9.021627e-02                     1
   1428.4000  2.069421e+00  9.445823e-02                     1
   1428.8000  1.946667e+00  7.204103e-02                     1
   1429.2000  2.027786e+00  7.191410e-02                     1
   1429.6000  1.810892e+00  6.362104e-02                     1
   1430.0000  1.548456e+00  5.937652e-02                     1
   1430.4000  1.617967e+00  6.075746e-02                     1
   1430.8000  1.621318e+00  6.109731e-02                     1
   1431.2000  1.658335e+00  7.473809e-02                     1
   1431.6000  1.506194e+00  6.746401e-02                     1
   1432.0000  1.611274e+00  6.139917e-02                     1
   1432.4000  1.798617e+00  6.469267e-02                     1
   1432.8000  1.629712e+00  6.213525e-02                     1
   1433.2000  1.703851e+00  6.367476e-02                     1
   1433.6000  1.674009e+00  6.318401e-02                     1
   1434.0000  1.691836e+00  6.367424e-02                     1
   1434.4000  1.829440e+00  6.633506e-02                     1
   1434.8000  1.520964e+00  6.538394e-02                     1
   1435.2000  1.864188e+00  8.010744e-02                     1
   1435.6000  1.805055e+00  7.381692e-02                     1
   1436.0000  2.093180e+00  7.783456e-02                     1
   1436.4000  2.114316e+00  7.291599e-02                     1
   1436.8000  1.993069e+00  7.022064e-02                     1
   1437.2000  2.224621e+00  7.439421e-02                     1
   1437.6000  2.057966e+00  7.178072e-02                     1
   1438.0000  2.003677e+00  7.119910e-02                     1
   1438.4000  2.076469e+00  7.271793e-02                     1
   1438.8000  1.945351e+00  7.066125e-02                     1
   1439.2000  2.002060e+00  7.858714e-02                     1
   1439.6000  1.761185e+00  7.317648e-02                     1
   1440.0000  2.076662e+00  7.371851e-02                     1
   1440.4000  2.105516e+00  7.420842e-02                     1
   1440.8000  2.274011e+00  7.726643e-02                     1
   1441.2000  2.131148e+00  7.597844e-02                     1
   1441.6000  1.873600e+00  8.565824e-02                     1
   1442.0000  2.007612e+00  8.369715e-02                     1
   1442.4000  1.743584e+00  6.924655e-02                     1
   1442.8000  1.845374e+00  7.142124e-02                     1
   1443.2000  1.635276e+00  6.754703e-02                     1
   1443.6000  1.703095e+00  6.926064e-02                     1
   1444.0000  1.757521e+00  7.048033e-02                     1
   1444.4000  1.847473e+00  7.227685e-02                     1
   1444.8000  1.651777e+00  6.879128e-02                     1
   1445.2000  1.712588e+00  7.561502e-02                     1
   1445.6000  1.764420e+00  8.502855e-02                     1
   1446.0000  1.728818e+00  8.291252e-02                     1
   1446.4000  1.746823e+00  7.911266e-02                     1
   1446.8000  1.797005e+00  7.338818e-02                     1
   1447.2000  1.948133e+00  7.579011e-02                     1
   1447.6000  2.222166e+00  8.080974e-02                     1
   1448.0000  2.145835e+00  8.006877e-02                     1
   1448.4000  1.956177e+00  7.684681e-02                     1
   1448.8000  1.834309e+00  7.477765e-02                     1
   1449.2000  1.814994e+00  7.768505e-02                     1
   1449.6000  1.974213e+00  8.567796e-02                     1
   1450.0000  1.946398e+00  8.281777e-02                     1
   1450.4000  1.685273e+00  7.303167e-02                     1
   1450.8000  1.600731e+00  7.155323e-02                     1
   1451.2000  1.832237e+00  7.616332e-02                     1
   1451.6000  1.849175e+00  8.292009e-02                     1
   1452.0000  1.951868e+00  9.609903e-02                     1
   1452.4000  1.874667e+00  8.832455e-02                     1
   1452.8000  1.682115e+00  7.444415e-02                     1
   1453.2000  1.651134e+00  7.419812e-02                     1
   1453.6000  1.838901e+00  7.808927e-02                     1
   1454.0000  1.773848e+00  7.673818e-02                     1
   1454.4000  1.783088e+00  7.735790e-02                     1
   1454.8000  1.948871e+00  8.102925e-02                     1
   1455.2000  1.890269e+00  7.993397e-02                     1
   1455.6000  1.895822e+00  9.242981e-02                     1
   1456.0000  1.832316e+00  9.491773e-02                     1
   1456.4000  1.820437e+00  9.322759e-02                     1
   1456.8000  1.662126e+00  8.108176e-02                     1
   1457.2000  1.817101e+00  7.945622e-02                     1
   1457.6000  1.739476e+00  7.834656e-02                     1
   1458.0000  1.723734e+00  7.809167e-02                     1
   1458.4000  1.698354e+00  7.774652e-02                     1
   1458.8000  1.679866e+00  7.776991e-02                     1
   1459.2000  1.508550e+00  7.405461e-02                     1
   1459.6000  1.781241e+00  8.411980e-02                     1
   1460.0000  1.584599e+00  8.393362e-02                     1
   1460.4000  1.569255e+00  7.868759e-02                     1
   1460.8000  1.666477e+00  7.851474e-02                     1
   1461.2000  1.803303e+00  8.148850e-02                     1
   1461.6000  1.819919e+00  8.219827e-02                     1
   1462.0000  1.598634e+00  8.667143e-02                     1
   1462.4000  1.861480e+00  9.969932e-02                     1
   1462.8000  1.780976e+00  8.677255e-02                     1
   1463.2000  1.704462e+00  8.052871e-02                     1
   1463.6000  1.639289e+00  7.889828e-02                     1
   1464.0000  1.719667e+00  8.078489e-02                     1
   1464.4000  1.660772e+00  7.989785e-02                     1
   1464.8000  1.593717e+00  7.847871e-02                     1
   1465.2000  1.646337e+00  7.953497e-02                     1
   1465.6000  1.803691e+00  8.341217e-02                     1
   1466.0000  1.990749e+00  1.035469e-01                     1
   1466.4000  1.867087e+00  1.022011e-01                     1
   1466.8000  1.772769e+00  9.073385e-02                     1
   1467.2000  1.750144e+00  8.762387e-02                     1
   1467.6000  1.995334e+00  8.834606e-02                     1
   1468.0000  1.942232e+00  8.736183e-02                     1
   1468.4000  2.080866e+00  9.074603e-02                     1
   1468.8000  1.834673e+00  8.567647e-02                     1
   1469.2000  1.597902e+00  8.045613e-02                     1
   1469.6000  1.620844e+00  8.122612e-02                     1
   1470.0000  1.744423e+00  8.930844e-02                     1
   1470.4000  1.737964e+00  9.213220e-02                     1
   1470.8000  1.758347e+00  8.514767e-02                     1
   1471.2000  1.563336e+00  8.026604e-02                     1
   1471.6000  1.601776e+00  8.092638e-02                     1
   1472.0000  1.853613e+00  8.676383e-02                     1
   1472.4000  1.739375e+00  9.609477e-02                     1
   1472.8000  1.927368e+00  1.075081e-01                     1
   1473.2000  1.695509e+00  8.446134e-02                     1
   1473.6000  1.892770e+00  8.822632e-02                     1
   1474.0000  1.954220e+00  8.982326e-02                     1
   1474.4000  1.735983e+00  8.487321e-02                     1
   1474.8000  1.845378e+00  8.752076e-02                     1
   1475.2000  1.998932e+00  9.094676e-02                     1
   1475.6000  2.136640e+00  9.389583e-02                     1
   1476.0000  1.899218e+00  8.881399e-02                     1
   1476.4000  1.994766e+00  1.090681e-01                     1
   1476.8000  1.684271e+00  9.993414e-02                     1
   1477.2000  1.725176e+00  9.355057e-02                     1
   1477.6000  1.870462e+00  9.078549e-02                     1
   1478.0000  2.048699e+00  9.272536e-02                     1
   1478.4000  2.122310e+00  9.425474e-02                     1
   1478.8000  2.145119e+00  9.473057e-02                     1
   1479.2000  2.105224e+00  9.419164e-02                     1
   1479.6000  1.834060e+00  8.833664e-02                     1
   1480.0000  1.977700e+00  9.115280e-02                     1
   1480.4000  1.913470e+00  9.806628e-02                     1
   1480.8000  1.995281e+00  9.951597e-02                     1
   1481.2000  1.826718e+00  8.810615e-02                     1
   1481.6000  1.918355e+00  9.034839e-02                     1
   1482.0000  1.680034e+00  8.515178e-02                     1
   1482.4000  1.775545e+00  8.743925e-02                     1
   1482.8000  1.663046e+00  1.015080e-01                     1
   1483.2000  1.830654e+00  1.021352e-01                     1
   1483.6000  1.807669e+00  8.835602e-02                     1
   1484.0000  1.740354e+00  8.651365e-02                     1
   1484.4000  1.815551e+00  8.837928e-02                     1
   1484.8000  1.855891e+00  8.923046e-02                     1
   1485.2000  1.838842e+00  8.876967e-02                     1
   1485.6000  1.745589e+00  8.653588e-02                     1
   1486.0000  1.925499e+00  9.081072e-02                     1
   1486.4000  1.822828e+00  9.334375e-02                     1
   1486.8000  1.658799e+00  1.012444e-01                     1
   1487.2000  1.767105e+00  1.002565e-01                     1
   1487.6000  1.830783e+00  9.645512e-02                     1
   1488.0000  1.954679e+00  9.327419e-02                     1
   1488.4000  1.876436e+00  8.932152e-02                     1
   1488.8000  1.720163e+00  8.608274e-02                     1
   1489.2000  1.858651e+00  8.915058e-02                     1
   1489.6000  1.936922e+00  9.070090e-02                     1
   1490.0000  1.862600e+00  8.929851e-02                     1
   1490.4000  1.919272e+00  9.066265e-02                     1
   1490.8000  1.891021e+00  9.804663e-02                     1
   1491.2000  2.262365e+00  1.053269e-01                     1
   1491.6000  2.156443e+00  9.505852e-02                     1
   1492.0000  2.147817e+00  9.435427e-02                     1
   1492.4000  2.100662e+00  9.309032e-02                     1
   1492.8000  2.442567e+00  1.011101e-01                     1
   1493.2000  2.165520e+00  1.147814e-01                     1
   1493.6000  2.010674e+00  1.060723e-01                     1
   1494.0000  1.717305e+00  8.484628e-02                     1
   1494.4000  1.735196e+00  8.530203e-02                     1
   1494.8000  1.996809e+00  9.062622e-02                     1
   1495.2000  2.155539e+00  9.385891e-02                     1
   1495.6000  1.910146e+00  8.902654e-02                     1
   1496.0000  1.917557e+00  8.880210e-02                     1
   1496.4000  1.884061e+00  8.791827e-02                     1
   1496.8000  2.101290e+00  9.838387e-02                     1
   1497.2000  1.947723e+00  1.079783e-01                     1
   1497.6000  1.712349e+00  9.842918e-02                     1
   1498.0000  1.786320e+00  9.145635e-02                     1
   1498.4000  1.935395e+00  8.869105e-02                     1
   1498.8000  1.817428e+00  8.686705e-02                     1
   1499.2000  1.784995e+00  9.392525e-02                     1
   1499.6000  1.792547e+00  9.426207e-02                     1
   1500.0000  1.631407e+00  9.047513e-02                     1
   1500.4000  1.874741e+00  9.583589e-02                     1
   1500.8000  1.737834e+00  9.202006e-02                     1
   1501.2000  2.033029e+00  9.874365e-02                     1
   1501.6000  1.831222e+00  9.370281e-02                     1
   1502.0000  1.735160e+00  8.296992e-02                     1
   1502.4000  1.618702e+00  8.576954e-02                     1
   1502.8000  1.593387e+00  8.858964e-02                     1
   1503.2000  1.626268e+00  9.740970e-02                     1
   1503.6000  1.628420e+00  1.350927e-01                     1
   1504.0000  1.650886e+00  1.174197e-01                     1
   1504.4000  1.388903e+00  8.796241e-02                     1
   1504.8000  1.278138e+00  9.559357e-02                     1
   1505.2000  1.494815e+00  1.238705e-01                     1
   1505.6000  1.349124e+00  9.236717e-02                     1
   1506.0000  1.350455e+00  9.194699e-02                     1
   1506.4000  1.405029e+00  9.346050e-02                     1
   1506.8000  1.576924e+00  8.872103e-02                     1
   1507.2000  1.758969e+00  1.078456e-01                     1
   1507.6000  2.090492e+00  1.417285e-01                     1
   1508.0000  1.728554e+00  1.014826e-01                     1
   1508.4000  1.780336e+00  9.968654e-02                     1
   1508.8000  1.873109e+00  1.002506e-01                     1
   1509.2000  1.910173e+00  1.304557e-01                     1
   1509.6000  2.146755e+00  1.612086e-01                     1
   1510.0000  2.052477e+00  1.576300e-01                     1
   1510.4000  1.985887e+00  1.475243e-01                     1
   1510.8000  2.412645e+00  1.192478e-01                     1
   1511.2000  2.285393e+00  1.097359e-01                     1
   1511.6000  2.085088e+00  9.835568e-02                     1
   1512.0000  2.076472e+00  8.965849e-02                     1
   1512.4000  1.977871e+00  8.495159e-02                     1
   1512.8000  1.952341e+00  8.458003e-02                     1
   1513.2000  1.977483e+00  9.637977e-02                     1
   1513.6000  1.997203e+00  1.187971e-01                     1
   1514.0000  2.029344e+00  1.430120e-01                     1
   1514.4000  1.966398e+00  1.148305e-01                     1
   1514.8000  1.774507e+00  9.604035e-02                     1
   1515.2000  1.875297e+00  8.182359e-02                     1
   1515.6000  1.804839e+00  8.015962e-02                     1
   1516.0000  1.630517e+00  7.676134e-02                     1
   1516.4000  1.750031e+00  7.894155e-02                     1
   1516.8000  1.953554e+00  8.276985e-02                     1
   1517.2000  1.667712e+00  7.691306e-02                     1
   1517.6000  1.992157e+00  9.524238e-02                     1
   1518.0000  1.846035e+00  9.981279e-02                     1
   1518.4000  1.882476e+00  8.963231e-02                     1
   1518.8000  1.944171e+00  8.540869e-02                     1
   1519.2000  1.988885e+00  8.282116e-02                     1
   1519.6000  1.863772e+00  8.020916e-02                     1
   1520.0000  1.734836e+00  7.782310e-02                     1
   1520.4000  1.595515e+00  7.481344e-02                     1
   1520.8000  1.747784e+00  7.753352e-02                     1
   1521.2000  1.475060e+00  7.173084e-02                     1
   1521.6000  1.564114e+00  7.844838e-02                     1
   1522.0000  1.650376e+00  8.200182e-02                     1
   1522.4000  1.674806e+00  7.558065e-02                     1
   1522.8000  2.077662e+00  8.318833e-02                     1
   1523.2000  2.059694e+00  8.262325e-02                     1
   1523.6000  1.859228e+00  7.858516e-02                     1
   1524.0000  1.621780e+00  8.608414e-02                     1
   1524.4000  1.558874e+00  8.763129e-02                     1
   1524.8000  1.666820e+00  7.495765e-02                     0
   1525.2000  1.625082e+00  7.376490e-02                     0
   1525.6000  1.600560e+00  7.318468e-02                     0
   1526.0000  1.480875e+00  7.052886e-02                     0
   1526.4000  1.507526e+00  7.085714e-02                     0
   1526.8000  7.535369e-01  5.291480e-02                     0
   1527.2000  1.742950e+00  7.562575e-02                     0
   1527.6000  1.742014e+00  7.671393e-02                     0
   1528.0000  1.706812e+00  8.960506e-02                     0
   1528.4000  1.541444e+00  8.207682e-02                     0
   1528.8000  1.360469e+00  7.296752e-02                     0
   1529.2000  1.403634e+00  6.895721e-02                     0
   1529.6000  1.389642e+00  6.773982e-02                     0
   1530.0000  1.176963e+00  6.297483e-02                     0
   1530.4000  1.098581e+00  6.077960e-02                     0
   1530.8000  8.720116e-01  5.512120e-02                     0
   1531.2000  6.842301e-01  4.981808e-02                     0
   1531.6000  1.136808e+00  6.111696e-02                     0
   1532.0000  1.360719e+00  7.064513e-02                     1
   1532.4000  1.327707e+00  6.974619e-02                     1
   1532.8000  1.487463e+00  6.866877e-02                     1
   1533.2000  1.461846e+00  6.766756e-02                     1
   1533.6000  1.538011e+00  6.938562e-02                     1
   1534.0000  1.535771e+00  6.939928e-02                     1
   1534.4000  1.268665e+00  7.310004e-02                     1
   1534.8000  1.051069e+00  6.780011e-02                     1
   1535.2000  1.163728e+00  6.132183e-02                     1
   1535.6000  1.379487e+00  6.594493e-02                     1
   1536.0000  9.886626e-01  5.697427e-02                     1
   1536.4000  1.143076e+00  6.069908e-02                     1
   1536.8000  1.095173e+00  5.933076e-02                     1
   1537.2000  1.052026e+00  5.824131e-02                     1
   1537.6000  1.067884e+00  5.879173e-02                     1
   1538.0000  1.129804e+00  6.013599e-02                     1
   1538.4000  1.098584e+00  7.071864e-02                     1
   1538.8000  1.074573e+00  6.566781e-02                     1
   1539.2000  1.031926e+00  6.242597e-02                     1
   1539.6000  1.030506e+00  5.776683e-02                     1
   1540.0000  1.061229e+00  5.805257e-02                     1
   1540.4000  8.934795e-01  5.387929e-02                     1
   1540.8000  9.320051e-01  5.502952e-02                     1
   1541.2000  9.101965e-01  5.444783e-02                     1
   1541.6000  7.391777e-01  5.017445e-02                     1
   1542.0000  8.114632e-01  5.230476e-02                     1
   1542.4000  6.420807e-01  5.166680e-02                     1
   1542.8000  6.140105e-01  4.867704e-02                     1
   1543.2000  5.090401e-01  4.322780e-02                     1
   1543.6000  5.199467e-01  4.378974e-02                     1
   1544.0000  4.397346e-01  4.103192e-02                     1
   1544.4000  5.561349e-01  4.502080e-02                     1
   1544.8000  6.577478e-01  5.756677e-02                     1
   1545.2000  5.330471e-01  4.815573e-02                     1
   1545.6000  5.314271e-01  4.369920e-02                     1
   1546.0000  6.750877e-01  4.799379e-02                     1
   1546.4000  5.510633e-01  4.442329e-02                     1
   1546.8000  5.161285e-01  4.304644e-02                     1
   1547.2000  5.069962e-01  4.281556e-02                     1
   1547.6000  4.066882e-01  3.986039e-02                     1
   1548.0000  2.620784e-01  3.493921e-02                     1
   1548.4000  2.248672e-01  3.793954e-02                     1
   1548.8000  4.017997e-01  4.798781e-02                     1
   1549.2000  4.604306e-01  4.626396e-02                     1
   1549.6000  5.374206e-01  4.740416e-02                     1
   1550.0000  5.614313e-01  4.469508e-02                     1
   1550.4000  5.913927e-01  4.551420e-02                     1
   1550.8000  2.784239e-01  3.541118e-02                     1
   1551.2000  5.594353e-01  4.427829e-02                     1
   1551.6000  7.033555e-01  4.829388e-02                     0
   1552.0000  5.365228e-01  4.364326e-02                     0
   1552.4000  3.591618e-01  3.876111e-02                     0
   1552.8000  4.467976e-01  4.492617e-02                     0
   1553.2000  9.126198e-01  5.561477e-02                     0
   1553.6000  1.169330e+00  5.915870e-02                     1
   1554.0000  1.350529e+00  6.296771e-02                     1
   1554.4000  1.278381e+00  6.180208e-02                     0
   1554.8000  1.129935e+00  6.079133e-02                     0
   1555.2000  6.799175e-01  5.722073e-02                     0
   1555.6000  9.727423e-01  5.818487e-02                     0
   1556.0000  1.975211e+00  7.449305e-02                     1
   1556.4000  1.940399e+00  7.386515e-02                     1
   1556.8000  1.982994e+00  7.486097e-02                     1
   1557.2000  1.839432e+00  7.217176e-02                     1
   1557.6000  2.116190e+00  7.654027e-02                     1
   1558.0000  1.956449e+00  7.409571e-02                     1
   1558.4000  1.941992e+00  7.406612e-02                     1
   1558.8000  2.194519e+00  8.746547e-02                     1
   1559.2000  1.945935e+00  8.801243e-02                     1
   1559.6000  1.947685e+00  8.003804e-02                     1
   1560.0000  1.929807e+00  7.939083e-02                     1
   1560.4000  1.628581e+00  6.836469e-02                     1
   1560.8000  1.630705e+00  6.860279e-02                     1
   1561.2000  1.574381e+00  6.759243e-02                     1
   1561.6000  1.319943e+00  6.239052e-02                     1
   1562.0000  1.409479e+00  6.421017e-02                     1
   1562.4000  1.502550e+00  6.630466e-02                     1
   1562.8000  1.379972e+00  6.461041e-02                     1
   1563.2000  1.537963e+00  7.302339e-02                     1
   1563.6000  1.307157e+00  6.429236e-02                     1
   1564.0000  1.506120e+00  6.632153e-02                     1
   1564.4000  1.369168e+00  6.344497e-02                     1
   1564.8000  1.219406e+00  6.053932e-02                     1
   1565.2000  1.143488e+00  6.043011e-02                     1
   1565.6000  1.340049e+00  7.535205e-02                     1
   1566.0000  1.206446e+00  6.365777e-02                     1
   1566.4000  1.413821e+00  6.461207e-02                     1
   1566.8000  1.296618e+00  6.234822e-02                     1
   1567.2000  1.131163e+00  5.864028e-02                     1
   1567.6000  1.271379e+00  6.170734e-02                     1
   1568.0000  1.252564e+00  6.158817e-02                     1
   1568.4000  1.164584e+00  5.957895e-02                     1
   1568.8000  1.127012e+00  5.924054e-02                     1
   1569.2000  1.009268e+00  6.257992e-02                     1
   1569.6000  1.237196e+00  7.334882e-02                     1
   1570.0000  1.463493e+00  7.094329e-02                     1
   1570.4000  1.374792e+00  6.710262e-02                     1
   1570.8000  1.291996e+00  6.275940e-02                     1
   1571.2000  1.301764e+00  6.274845e-02                     1
   1571.6000  1.507285e+00  7.181940e-02                     1
   1572.0000  1.212636e+00  6.799721e-02                     0
   1572.4000  1.432096e+00  7.271036e-02                     0
   1572.8000  1.278735e+00  6.945607e-02                     0
   1573.2000  1.329700e+00  7.443472e-02                     0
   1573.6000  1.254534e+00  7.646024e-02                     0
   1574.0000  1.510782e+00  7.512285e-02                     0
   1574.4000  1.413193e+00  7.261665e-02                     0
   1574.8000  1.266953e+00  7.125572e-02                     0
   1575.2000  1.613043e+00  8.801847e-02                     0
   1575.6000  1.081934e+00  8.571186e-02                     0
   1576.0000  1.414196e+00  1.125965e-01                     0
   1576.4000  1.697298e+00  9.110909e-02                     0
   1576.8000  1.634654e+00  8.853736e-02                     0
   1577.2000  1.842114e+00  9.675171e-02                     0
   1577.6000  1.819485e+00  1.419735e-01                     0
   1578.0000  1.533197e+00  1.332317e-01                     0
   1578.4000  1.811596e+00  1.419472e-01                     0
   1578.8000  1.395889e+00  1.299361e-01                     0
   1579.2000  1.650151e+00  1.375921e-01                     0
   1579.6000  1.516129e+00  2.381741e-01                     0
   1580.0000  1.402048e+00  2.373778e-01                     0
   1580.4000  1.425559e+00  1.310066e-01                     0
   1580.8000  1.517217e+00  1.331152e-01                     0
   1581.2000  9.943379e-01  1.150446e-01                     0
   1581.6000  0.000000e+00  7.032492e-02                     0
   1582.0000  0.000000e+00  7.180325e-02                     0
   1582.4000  0.000000e+00  7.349366e-02                     0
   1582.8000  0.000000e+00  7.552523e-02                     0
   1583.2000  0.000000e+00  7.735930e-02                     0
   1583.6000  0.000000e+00  7.915451e-02                     0
   1584.0000  0.000000e+00  8.148515e-02                     0
   1584.4000  0.000000e+00  8.375447e-02                     0
   1584.8000  0.000000e+00  8.584275e-02                     0
   1585.2000  0.000000e+00  8.836363e-02                     0
   1585.6000  0.000000e+00  9.119976e-02                     0
   1586.0000  0.000000e+00  9.384745e-02                     0
   1586.4000  0.000000e+00  9.664720e-02                     0
   1586.8000  0.000000e+00  1.001698e-01                     0
   1587.2000  0.000000e+00  1.035240e-01                     0
   1587.6000  0.000000e+00  1.067385e-01                     0
   1588.0000  0.000000e+00  1.107692e-01                     0
   1588.4000  0.000000e+00  1.150727e-01                     0
   1588.8000  0.000000e+00  1.192677e-01                     0
   1589.2000  0.000000e+00  1.240114e-01                     0
   1589.6000  0.000000e+00  1.296238e-01                     0
   1590.0000  0.000000e+00  1.352003e-01                     0
   1590.4000  0.000000e+00  1.410068e-01                     0
   1590.8000  0.000000e+00  1.481607e-01                     0
   1591.2000  0.000000e+00  1.557044e-01                     0
   1591.6000  0.000000e+00  1.634819e-01                     0
   1592.0000  2.051331e-01  1.853577e-01                     0
   1592.4000  7.829023e-01  2.240896e-01                     0
   1592.8000  2.082949e+00  2.804861e-01                     0
   1593.2000  1.960864e+00  2.750315e-01                     0
   1593.6000  1.155685e+00  2.435896e-01                     0
   1594.0000  1.727104e+00  2.688637e-01                     0
   1594.4000  1.489475e+00  2.585367e-01                     0
   1594.8000  1.525088e+00  2.595717e-01                     0
   1595.2000  1.574624e+00  2.633992e-01                     0
   1595.6000  1.390492e+00  3.526989e-01                     0
   1596.0000  1.634073e+00  1.664270e-01                     0
   1596.4000  1.074996e+00  1.473346e-01                     0
   1596.8000  1.116713e+00  1.491745e-01                     0
   1597.2000  1.372586e+00  1.583542e-01                     1
   1597.6000  1.436314e+00  1.600986e-01                     1
   1598.0000  1.670108e+00  1.371131e-01                     1
   1598.4000  1.335968e+00  1.014697e-01                     1
   1598.8000  1.569229e+00  1.152789e-01                     1
   1599.2000  1.302568e+00  1.057481e-01                     1
   1599.6000  1.406157e+00  1.133893e-01                     1
   1600.0000  1.455298e+00  1.065932e-01                     1
   1600.4000  1.250925e+00  1.011903e-01                     1
   1600.8000  1.235906e+00  1.007588e-01                     1
   1601.2000  1.363739e+00  1.157720e-01                     1
   1601.6000  1.154249e+00  1.137881e-01                     1
   1602.0000  1.533412e+00  9.913504e-02                     1
   1602.4000  1.357174e+00  8.558230e-02                     1
   1602.8000  1.302554e+00  8.352288e-02                     1
   1603.2000  1.259208e+00  8.325257e-02                     1
   1603.6000  1.271664e+00  8.189077e-02                     1
   1604.0000  1.343104e+00  8.369877e-02                     1
   1604.4000  1.615071e+00  9.027971e-02                     1
   1604.8000  1.528396e+00  8.849575e-02                     1
   1605.2000  1.142093e+00  1.004784e-01                     1
   1605.6000  9.546141e-01  8.633065e-02                     1
   1606.0000  1.119838e+00  7.919033e-02                     1
   1606.4000  1.172107e+00  8.013957e-02                     1
   1606.8000  1.123902e+00  7.864513e-02                     1
   1607.2000  1.255103e+00  8.277173e-02                     0
   1607.6000  1.345103e+00  9.699655e-02                     0
   1608.0000  1.234983e+00  9.972041e-02                     0
   1608.4000  8.834369e-01  7.307184e-02                     0
   1608.8000  1.009163e+00  7.655026e-02                     0
   1609.2000  9.731358e-01  8.355016e-02                     0
   1609.6000  1.169825e+00  8.131393e-02                     0
   1610.0000  1.164920e+00  8.109692e-02                     0
   1610.4000  1.088677e+00  7.950388e-02                     0
   1610.8000  1.063561e+00  7.914566e-02                     0
   1611.2000  1.192916e+00  8.463266e-02                     0
   1611.6000  1.189799e+00  1.000882e-01                     0
   1612.0000  1.162261e+00  9.959681e-02                     0
   1612.4000  1.144283e+00  8.773981e-02                     0
   1612.8000  1.151113e+00  8.203329e-02                     0
   1613.2000  1.259640e+00  8.520648e-02                     0
   1613.6000  1.348125e+00  8.802190e-02                     1
   1614.0000  9.924095e-01  8.164746e-02                     1
   1614.4000  1.011095e+00  8.132598e-02                     1
   1614.8000  9.692998e-01  7.828996e-02                     1
   1615.2000  1.025967e+00  8.129172e-02                     1
   1615.6000  1.175136e+00  9.305141e-02                     1
   1616.0000  1.046237e+00  8.407595e-02                     1
   1616.4000  1.156657e+00  8.373446e-02                     1
   1616.8000  1.175570e+00  8.476712e-02                     1
   1617.2000  1.234251e+00  8.636913e-02                     1
   1617.6000  1.169437e+00  9.374353e-02                     1
   1618.0000  1.270929e+00  1.077206e-01                     1
   1618.4000  1.291772e+00  9.624980e-02                     1
   1618.8000  1.069089e+00  8.285827e-02                     1
   1619.2000  1.279396e+00  8.854343e-02                     1
   1619.6000  1.169877e+00  8.600903e-02                     1
   1620.0000  1.106481e+00  9.466324e-02                     1
   1620.4000  1.108115e+00  8.455054e-02                     1
   1620.8000  1.067503e+00  8.361442e-02                     1
   1621.2000  1.249851e+00  8.894399e-02                     1
   1621.6000  1.325681e+00  1.021680e-01                     1
   1622.0000  1.240158e+00  1.100968e-01                     1
   1622.4000  1.044387e+00  9.174470e-02                     1
   1622.8000  1.125185e+00  9.155708e-02                     1
   1623.2000  1.412189e+00  9.420137e-02                     1
   1623.6000  1.300608e+00  9.457721e-02                     1
   1624.0000  1.101284e+00  9.349192e-02                     1
   1624.4000  1.125888e+00  8.635171e-02                     1
   1624.8000  1.259637e+00  9.035317e-02                     1
   1625.2000  1.051700e+00  8.488915e-02                     1
   1625.6000  9.796559e-01  8.848157e-02                     1
   1626.0000  1.154908e+00  9.574965e-02                     1
   1626.4000  1.128506e+00  8.927405e-02                     1
   1626.8000  1.093914e+00  8.683783e-02                     1
   1627.2000  1.357522e+00  9.404401e-02                     1
   1627.6000  1.437156e+00  9.668777e-02                     1
   1628.0000  1.156440e+00  1.006372e-01                     1
   1628.4000  1.246645e+00  1.102814e-01                     1
   1628.8000  1.107880e+00  9.365119e-02                     1
   1629.2000  1.178939e+00  9.070726e-02                     1
   1629.6000  1.046748e+00  8.700265e-02                     1
   1630.0000  1.291623e+00  9.393217e-02                     1
   1630.4000  1.252667e+00  9.317437e-02                     1
   1630.8000  1.124660e+00  8.991047e-02                     1
   1631.2000  1.165770e+00  9.100595e-02                     1
   1631.6000  8.370188e-01  8.130251e-02                     1
   1632.0000  9.394232e-01  1.004201e-01                     1
   1632.4000  1.041129e+00  1.132905e-01                     1
   1632.8000  1.071613e+00  9.702513e-02                     1
   1633.2000  1.236415e+00  9.440543e-02                     1
   1633.6000  1.178509e+00  9.137914e-02                     1
   1634.0000  1.165322e+00  9.139082e-02                     1
   1634.4000  1.186647e+00  9.233251e-02                     1
   1634.8000  1.250499e+00  9.524002e-02                     1
   1635.2000  1.349385e+00  9.785733e-02                     1
   1635.6000  1.288940e+00  9.633112e-02                     1
   1636.0000  1.151722e+00  9.887488e-02                     1
   1636.4000  1.069248e+00  9.634310e-02                     1
   1636.8000  1.279799e+00  9.612486e-02                     1
   1637.2000  1.467327e+00  1.016604e-01                     1
   1637.6000  1.479789e+00  1.015055e-01                     1
   1638.0000  1.709627e+00  1.076320e-01                     1
   1638.4000  2.102086e+00  1.383584e-01                     1
   1638.8000  1.373058e+00  1.172555e-01                     1
   1639.2000  1.444011e+00  1.008878e-01                     1
   1639.6000  1.593122e+00  1.051657e-01                     1
   1640.0000  1.498593e+00  1.034916e-01                     1
   1640.4000  1.303250e+00  9.844590e-02                     1
   1640.8000  1.416574e+00  1.017124e-01                     1
   1641.2000  1.503450e+00  1.048373e-01                     1
   1641.6000  1.712112e+00  1.105053e-01                     1
   1642.0000  1.426338e+00  1.064911e-01                     0
   1642.4000  1.392798e+00  1.244667e-01                     0
   1642.8000  1.293190e+00  1.175923e-01                     0
   1643.2000  1.321645e+00  1.066767e-01                     0
   1643.6000  1.508976e+00  1.054099e-01                     0
   1644.0000  1.259233e+00  9.892917e-02                     0
   1644.4000  1.414565e+00  1.035972e-01                     0
   1644.8000  1.202827e+00  9.728125e-02                     0
   1645.2000  1.499888e+00  1.056805e-01                     0
   1645.6000  1.339745e+00  1.018133e-01                     0
   1646.0000  1.399938e+00  1.072855e-01                     0
   1646.4000  1.629269e+00  1.204040e-01                     0
   1646.8000  1.303988e+00  1.048274e-01                     0
   1647.2000  1.408265e+00  1.044901e-01                     0
   1647.6000  1.450073e+00  1.053712e-01                     0
   1648.0000  1.362798e+00  1.031867e-01                     0
   1648.4000  1.647684e+00  1.165983e-01                     0
   1648.8000  1.796206e+00  1.402677e-01                     0
   1649.2000  1.690269e+00  1.227381e-01                     0
   1649.6000  1.563520e+00  1.109389e-01                     0
   1650.0000  1.495367e+00  1.089259e-01                     1
   1650.4000  1.564754e+00  1.108071e-01                     1
   1650.8000  1.668420e+00  1.135157e-01                     1
   1651.2000  1.472770e+00  1.084654e-01                     1
   1651.6000  1.521484e+00  1.092163e-01                     1
   1652.0000  1.275084e+00  1.023130e-01                     1
   1652.4000  1.482849e+00  1.228010e-01                     1
   1652.8000  1.708739e+00  1.429728e-01                     1
   1653.2000  1.653373e+00  1.242346e-01                     1
   1653.6000  1.516625e+00  1.175273e-01                     1
   1654.0000  1.574650e+00  1.116153e-01                     1
   1654.4000  1.364776e+00  1.053625e-01                     1
   1654.8000  1.656210e+00  1.144173e-01                     1
   1655.2000  1.417934e+00  1.075936e-01                     1
   1655.6000  1.462959e+00  1.091986e-01                     1
   1656.0000  1.313521e+00  1.051503e-01                     1
   1656.4000  1.378891e+00  1.138341e-01                     1
   1656.8000  1.168336e+00  1.123768e-01                     1
   1657.2000  1.100762e+00  1.017106e-01                     1
   1657.6000  1.100549e+00  9.975326e-02                     1
   1658.0000  9.198658e-01  9.371851e-02                     1
   1658.4000  1.184222e+00  1.021939e-01                     1
   1658.8000  1.408698e+00  1.231949e-01                     1
   1659.2000  1.348311e+00  1.311725e-01                     1
   1659.6000  1.428256e+00  1.174738e-01                     1
   1660.0000  1.510054e+00  1.125415e-01                     1
   1660.4000  1.680882e+00  1.180510e-01                     1
   1660.8000  1.496859e+00  1.131299e-01                     1
   1661.2000  1.050474e+00  9.873274e-02                     1
   1661.6000  1.005540e+00  9.811168e-02                     1
   1662.0000  1.116318e+00  1.023799e-01                     1
   1662.4000  1.095682e+00  1.017092e-01                     1
   1662.8000  1.189403e+00  1.245613e-01                     1
   1663.2000  7.916818e-01  1.187038e-01                     1
   1663.6000  1.257098e+00  1.163497e-01                     1
   1664.0000  1.378652e+00  1.113033e-01                     1
   1664.4000  1.323957e+00  1.092339e-01                     1
   1664.8000  1.318192e+00  1.098770e-01                     1
   1665.2000  1.475733e+00  1.142007e-01                     1
   1665.6000  1.494505e+00  1.150960e-01                     1
   1666.0000  1.487918e+00  1.148780e-01                     1
   1666.4000  1.478345e+00  1.156829e-01                     1
   1666.8000  1.453195e+00  1.241209e-01                     1
   1667.2000  1.493033e+00  1.223754e-01                     1
   1667.6000  1.252577e+00  1.086169e-01                     1
   1668.0000  1.581708e+00  1.182339e-01                     1
   1668.4000  1.345536e+00  1.118343e-01                     1
   1668.8000  1.620528e+00  1.204774e-01                     0
   1669.2000  1.651068e+00  1.455918e-01                     0
   1669.6000  1.543555e+00  1.386829e-01                     0
   1670.0000  1.514258e+00  1.174341e-01                     0
   1670.4000  1.489564e+00  1.169461e-01                     0
   1670.8000  6.078131e-01  8.628392e-02                     0
   1671.2000  1.264181e+00  1.096159e-01                     0
   1671.6000  1.591550e+00  1.199894e-01                     0
   1672.0000  1.624363e+00  1.205103e-01                     0
   1672.4000  1.498051e+00  1.172775e-01                     0
   1672.8000  1.306365e+00  1.212024e-01                     0
   1673.2000  1.108479e+00  1.293894e-01                     0
   1673.6000  1.474789e+00  1.429089e-01                     0
   1674.0000  1.270447e+00  1.168991e-01                     0
   1674.4000  1.216953e+00  1.095424e-01                     0
   1674.8000  1.226360e+00  1.094328e-01                     0
   1675.2000  1.037006e+00  1.040768e-01                     0
   1675.6000  7.769093e-01  9.531186e-02                     0
   1676.0000  1.162794e+00  1.091082e-01                     0
   1676.4000  1.357617e+00  1.152957e-01                     0
   1676.8000  1.202823e+00  1.164874e-01                     1
   1677.2000  1.233729e+00  1.221396e-01                     1
   1677.6000  1.090517e+00  1.073282e-01                     1
   1678.0000  1.250057e+00  1.119747e-01                     1
   1678.4000  1.388512e+00  1.171029e-01                     1
   1678.8000  1.492435e+00  1.208023e-01                     1
   1679.2000  1.795279e+00  1.433205e-01                     1
   1679.6000  1.646030e+00  1.541252e-01                     1
   1680.0000  1.695945e+00  1.308757e-01                     1
   1680.4000  1.789638e+00  1.295630e-01                     1
   1680.8000  1.550962e+00  1.229750e-01                     1
   1681.2000  1.538833e+00  1.224484e-01                     1
   1681.6000  1.477994e+00  1.211873e-01                     1
   1682.0000  1.648535e+00  1.265763e-01                     1
   1682.4000  1.694486e+00  1.283407e-01                     1
   1682.8000  1.892354e+00  1.341801e-01                     1
   1683.2000  1.562086e+00  1.502842e-01                     1
   1683.6000  1.986450e+00  1.688462e-01                     1
   1684.0000  1.778773e+00  1.441934e-01                     1
   1684.4000  1.744879e+00  1.323154e-01                     1
   1684.8000  1.796547e+00  1.332310e-01                     1
   1685.2000  1.850879e+00  1.345971e-01                     1
   1685.6000  1.838742e+00  1.338432e-01                     1
   1686.0000  1.750288e+00  1.312429e-01                     1
   1686.4000  1.773575e+00  1.321262e-01                     1
   1686.8000  1.639040e+00  1.279896e-01                     1
   1687.2000  1.667895e+00  1.395773e-01                     1
   1687.6000  1.796845e+00  1.423553e-01                     1
   1688.0000  1.618992e+00  1.289943e-01                     1
   1688.4000  2.100463e+00  1.426142e-01                     1
   1688.8000  1.959200e+00  1.392060e-01                     1
   1689.2000  1.565936e+00  1.281230e-01                     1
   1689.6000  1.574989e+00  1.471081e-01                     1
   1690.0000  1.728610e+00  1.521170e-01                     1
   1690.4000  1.906838e+00  1.388821e-01                     1
   1690.8000  1.540425e+00  1.282426e-01                     1
   1691.2000  1.607620e+00  1.306225e-01                     1
   1691.6000  1.381948e+00  1.239057e-01                     1
   1692.0000  1.668066e+00  1.329319e-01                     1
   1692.4000  1.015479e+00  1.107177e-01                     1
   1692.8000  1.331618e+00  1.217885e-01                     1
   1693.2000  1.338783e+00  1.289253e-01                     1
   1693.6000  1.534307e+00  1.538238e-01                     1
   1694.0000  1.494615e+00  1.520744e-01                     1
   1694.4000  1.549473e+00  1.354840e-01                     1
   1694.8000  1.244751e+00  1.192556e-01                     1
   1695.2000  1.472426e+00  1.262127e-01                     1
   1695.6000  1.447688e+00  1.256373e-01                     1
   1696.0000  1.471933e+00  1.270653e-01                     1
   1696.4000  1.585634e+00  1.305306e-01                     1
   1696.8000  1.589338e+00  1.313306e-01                     1
   1697.2000  1.541602e+00  1.369610e-01                     1
   1697.6000  1.317899e+00  1.348337e-01                     1
   1698.0000  1.553257e+00  1.312973e-01                     1
   1698.4000  1.469481e+00  1.285855e-01                     1
   1698.8000  1.667769e+00  1.355011e-01                     1
   1699.2000  1.423132e+00  1.273244e-01                     1
   1699.6000  1.373093e+00  1.360671e-01                     1
   1700.0000  1.199066e+00  1.444881e-01                     1
   1700.4000  1.021647e+00  1.166729e-01                     1
   1700.8000  1.403059e+00  1.270346e-01                     1
   1701.2000  1.424927e+00  1.278158e-01                     1
   1701.6000  1.524270e+00  1.312827e-01                     1
   1702.0000  1.706691e+00  1.369886e-01                     1
   1702.4000  1.479591e+00  1.303733e-01                     1
   1702.8000  1.417283e+00  1.294307e-01                     1
   1703.2000  1.297338e+00  1.253187e-01                     1
   1703.6000  1.327879e+00  1.452118e-01                     1
   1704.0000  1.250834e+00  1.483188e-01                     1
   1704.4000  1.353384e+00  1.406410e-01                     1
   1704.8000  1.654715e+00  1.394083e-01                     1
   1705.2000  1.450096e+00  1.307446e-01                     1
   1705.6000  1.592243e+00  1.360851e-01                     1
   1706.0000  1.088101e+00  1.186279e-01                     1
   1706.4000  1.560294e+00  1.354292e-01                     1
   1706.8000  1.309838e+00  1.269076e-01                     1
   1707.2000  1.625715e+00  1.367330e-01                     1
   1707.6000  1.586747e+00  1.485132e-01                     1
   1708.0000  1.457733e+00  1.403564e-01                     1
   1708.4000  1.470504e+00  1.323396e-01                     1
   1708.8000  1.234720e+00  1.240080e-01                     1
   1709.2000  1.178810e+00  1.229605e-01                     1
   1709.6000  1.012187e+00  1.173968e-01                     1
   1710.0000  1.191644e+00  1.430683e-01                     1
   1710.4000  1.585656e+00  1.577848e-01                     1
   1710.8000  1.529035e+00  1.406389e-01                     1
   1711.2000  1.100383e+00  1.250609e-01                     1
   1711.6000  1.358220e+00  1.297898e-01                     1
   1712.0000  1.189344e+00  1.246073e-01                     1
   1712.4000  1.172583e+00  1.239106e-01                     1
   1712.8000  1.292850e+00  1.278355e-01                     1
   1713.2000  1.305407e+00  1.277152e-01                     1
   1713.6000  1.126742e+00  1.238375e-01                     1
   1714.0000  1.637018e+00  1.674109e-01                     1
   1714.4000  1.458275e+00  1.824015e-01                     1
   1714.8000  1.164716e+00  1.321324e-01                     1
   1715.2000  1.062701e+00  1.205835e-01                     1
   1715.6000  1.232713e+00  1.262450e-01                     1
   1716.0000  1.293201e+00  1.277249e-01                     1
   1716.4000  1.299030e+00  1.279049e-01                     1
   1716.8000  1.307634e+00  1.460312e-01                     1
   1717.2000  1.282627e+00  1.275015e-01                     1
   1717.6000  1.347318e+00  1.337458e-01                     1
   1718.0000  1.266825e+00  1.410174e-01                     1
   1718.4000  1.001828e+00  1.219067e-01                     1
   1718.8000  1.191037e+00  1.253914e-01                     1
   1719.2000  1.205490e+00  1.268316e-01                     1
   1719.6000  1.018448e+00  1.197795e-01                     1
   1720.0000  1.303871e+00  1.353689e-01                     1
   1720.4000  9.232735e-01  1.497783e-01                     1
   1720.8000  1.156027e+00  1.531933e-01                     1
   1721.2000  1.030467e+00  1.185719e-01                     1
   1721.6000  1.066866e+00  1.207193e-01                     1
   1722.0000  1.473772e+00  1.363352e-01                     1
   1722.4000  1.051740e+00  1.214425e-01                     1
   1722.8000  9.643884e-01  1.175743e-01                     1
   1723.2000  8.726016e-01  1.143075e-01                     1
   1723.6000  1.032775e+00  1.200724e-01                     1
   1724.0000  1.108265e+00  1.383164e-01                     1
   1724.4000  1.199523e+00  1.584461e-01                     1
   1724.8000  1.363524e+00  1.471964e-01                     1
   1725.2000  1.456424e+00  1.399489e-01                     1
   1725.6000  1.639122e+00  1.416988e-01                     1
   1726.0000  1.124473e+00  1.236665e-01                     1
   1726.4000  1.266363e+00  1.283231e-01                     1
   1726.8000  1.393035e+00  1.326692e-01                     1
   1727.2000  1.427819e+00  1.338541e-01                     1
   1727.6000  1.238876e+00  1.279591e-01                     1
   1728.0000  1.553868e+00  1.492464e-01                     0
   1728.4000  1.538825e+00  1.512384e-01                     0
   1728.8000  1.650628e+00  1.418226e-01                     0
   1729.2000  1.076037e+00  1.218055e-01                     0
   1729.6000  1.400510e+00  1.333291e-01                     0
   1730.0000  1.739347e+00  1.448909e-01                     0
   1730.4000  1.687083e+00  1.613229e-01                     0
   1730.8000  1.870609e+00  1.769391e-01                     0
   1731.2000  2.148249e+00  1.564921e-01                     0
   1731.6000  2.010371e+00  1.525528e-01                     0
   1732.0000  1.770253e+00  1.444120e-01                     0
   1732.4000  1.667411e+00  1.408768e-01                     0
   1732.8000  1.425587e+00  1.324777e-01                     0
   1733.2000  1.908334e+00  1.481164e-01                     0
   1733.6000  1.476336e+00  1.348064e-01                     0
   1734.0000  1.619895e+00  1.396719e-01                     0
   1734.4000  1.323728e+00  1.572378e-01                     0
   1734.8000  1.431379e+00  1.684132e-01                     0
   1735.2000  1.843808e+00  1.568831e-01                     0
   1735.6000  1.485247e+00  1.345139e-01                     0
   1736.0000  1.492007e+00  1.341678e-01                     0
   1736.4000  1.471909e+00  1.331607e-01                     0
   1736.8000  1.571476e+00  1.369675e-01                     0
   1737.2000  1.789904e+00  1.425470e-01                     0
   1737.6000  1.739203e+00  1.397725e-01                     0
   1738.0000  1.654602e+00  1.450483e-01                     1
   1738.4000  1.636491e+00  1.519709e-01                     1
   1738.8000  2.124150e+00  1.565762e-01                     1
   1739.2000  1.780681e+00  1.399747e-01                     1
   1739.6000  1.739718e+00  1.390935e-01                     1
   1740.0000  1.708095e+00  1.385720e-01                     1
   1740.4000  1.673020e+00  1.493367e-01                     1
   1740.8000  1.487396e+00  1.590936e-01                     1
   1741.2000  1.721789e+00  1.530453e-01                     1
   1741.6000  1.534400e+00  1.305632e-01                     1
   1742.0000  1.534770e+00  1.307547e-01                     1
   1742.4000  1.667135e+00  1.351967e-01                     1
   1742.8000  1.793354e+00  1.387931e-01                     1
   1743.2000  1.904169e+00  1.409612e-01                     1
   1743.6000  1.438841e+00  1.266072e-01                     1
   1744.0000  1.425142e+00  1.265587e-01                     1
   1744.4000  1.358733e+00  1.434119e-01                     1
   1744.8000  1.635218e+00  1.764648e-01                     1
   1745.2000  1.873305e+00  1.616335e-01                     1
   1745.6000  1.446030e+00  1.290423e-01                     1
   1746.0000  1.245949e+00  1.188802e-01                     1
   1746.4000  1.666148e+00  1.324436e-01                     1
   1746.8000  1.588862e+00  1.289583e-01                     1
   1747.2000  1.280004e+00  1.185218e-01                     1
   1747.6000  1.561090e+00  1.272044e-01                     1
   1748.0000  1.695395e+00  1.371571e-01                     1
   1748.4000  1.621431e+00  1.392940e-01                     1
   1748.8000  1.658963e+00  1.397848e-01                     1
   1749.2000  1.739820e+00  1.317191e-01                     1
   1749.6000  1.517044e+00  1.248482e-01                     1
   1750.0000  1.603973e+00  1.268873e-01                     0
   1750.4000  1.708860e+00  1.415959e-01                     0
   1750.8000  1.720532e+00  1.514490e-01                     0
   1751.2000  1.619429e+00  1.512960e-01                     0
   1751.6000  1.729919e+00  1.296519e-01                     0
   1752.0000  1.289145e+00  1.148247e-01                     0
   1752.4000  1.514382e+00  1.209698e-01                     0
   1752.8000  1.320549e+00  1.149703e-01                     0
   1753.2000  1.128510e+00  1.088297e-01                     0
   1753.6000  1.449176e+00  1.165694e-01                     0
   1754.0000  1.518380e+00  1.170741e-01                     0
   1754.4000  1.438273e+00  1.354564e-01                     0
   1754.8000  1.355369e+00  1.346308e-01                     0
   1755.2000  1.581181e+00  1.477709e-01                     0
   1755.6000  1.271818e+00  1.203834e-01                     0
   1756.0000  1.377401e+00  1.125939e-01                     0
   1756.4000  1.508860e+00  1.151276e-01                     0
   1756.8000  1.475643e+00  1.154111e-01                     0
   1757.2000  1.587805e+00  1.271556e-01                     0
   1757.6000  1.490229e+00  1.159851e-01                     0
   1758.0000  1.834151e+00  1.201247e-01                     0
   1758.4000  1.954288e+00  1.233676e-01                     0
   1758.8000  2.106914e+00  1.378847e-01                     0
   1759.2000  1.631667e+00  1.190719e-01                     0
   1759.6000  2.100996e+00  1.245298e-01                     0
   1760.0000  1.443090e+00  1.074527e-01                     0
   1760.4000  1.662845e+00  1.191656e-01                     0
   1760.8000  1.939013e+00  1.260102e-01                     0
   1761.2000  2.094034e+00  1.451296e-01                     0
   1761.6000  1.797504e+00  1.254059e-01                     0
   1762.0000  1.980643e+00  1.275268e-01                     0
   1762.4000  1.516420e+00  1.177652e-01                     0
   1762.8000  1.898034e+00  1.467143e-01                     0
   1763.2000  1.601589e+00  1.481396e-01                     0
   1763.6000  1.478365e+00  1.150367e-01                     0
   1764.0000  1.437577e+00  1.126810e-01                     0
   1764.4000  1.940006e+00  1.237544e-01                     0
   1764.8000  1.635125e+00  1.264912e-01                     0
   1765.2000  1.610613e+00  1.554360e-01                     0
   1765.6000  1.298488e+00  1.293962e-01                     0
   1766.0000  1.344552e+00  1.219398e-01                     0
   1766.4000  1.301203e+00  1.201050e-01                     0
   1766.8000  1.100198e+00  1.490739e-01                     0
   1767.2000  1.917548e+00  1.643378e-01                     0
   1767.6000  2.036975e+00  1.482435e-01                     0
   1768.0000  1.644113e+00  2.043620e-01                     0
   1768.4000  1.426725e+00  1.964211e-01                     0
   1768.8000  1.705405e+00  2.034174e-01                     0
